10 65 - Допустимый диапазон для гигантов
 0 O0 -16.833  -1.034
 1 O1 -15.037  -0.728
 2 O2 -13.406  -0.524
 3 O3 -11.928  -0.402
 4 O4 -10.595  -0.340
 5 O5  -9.394  -0.320
 6 O6  -8.315  -0.320
 7 O7  -7.347  -0.320
 8 O8  -6.479  -0.310
 9 O9  -5.700  -0.310
10 B0  -5.000  -0.300
11 B1  -4.368  -0.260
12 B2  -3.792  -0.240
13 B3  -3.263  -0.200
14 B4  -2.769  -0.174
15 B5  -2.300  -0.160
16 B6  -1.848  -0.144
17 B7  -1.421  -0.120
18 B8  -1.030  -0.090
19 B9  -0.686  -0.060
20 A0  -0.400   0.000
21 A1  -0.180   0.053
22 A2  -0.014   0.089
23 A3   0.111   0.115
24 A4   0.211   0.133
25 A5   0.300   0.150
26 A6   0.390   0.169
27 A7   0.485   0.190
28 A8   0.585   0.214
29 A9   0.689   0.240
30 F0   0.800   0.270
31 F1   0.915   0.302
32 F2   1.024   0.337
33 F3   1.116   0.373
34 F4   1.178   0.411
35 F5   1.200   0.450
36 F6   1.174   0.489
37 F7   1.113   0.529
38 F8   1.034   0.568
39 F9   0.958   0.609
40 G0   0.900   0.650
41 G1   0.875   0.692
42 G2   0.874   0.733
43 G3   0.886   0.772
44 G4   0.899   0.808
45 G5   0.900   0.840
46 G6   0.880   0.868
47 G7   0.845   0.895
48 G8   0.800   0.928
49 G9   0.752   0.971
50 K0   0.700   1.030
51 K1   0.631   1.108
52 K2   0.500   1.198
53 K3   0.277   1.291
54 K4   0.018   1.378
55 K5  -0.200   1.450
56 K6  -0.320   1.500
57 K7  -0.362   1.531
58 K8  -0.363   1.549
59 K9  -0.363   1.560
60 M0  -0.400   1.570
61 M1  -0.495   1.584
62 M2  -0.600   1.608
63 M3  -0.647   1.649
64 M4  -0.569   1.711
65 M5  -0.300   1.800
66 M6   0.227   1.923
67 M7   1.080   2.084
68 M8   2.324   2.291
69 M9   4.027   2.547
