13130
10141
35495
33848
88348
78499
2638
65287
37879
69547
78952
51696
114910
94951
6407
118007
57206
15460
80987
56938
22361
116317
92041
5096
103553
62924
73938
2790
7248
38033
75823
51228
84624
4965
88038
45490
109322
62112
7109
43337
98808
108980
29432
40873
68812
34619
73707
21911
42497
307
61396
87607
54614
9013
70895
114258
62898
89918
40072
110778
44126
108103
95984
52151
70635
88361
84950
57421
30326
9080
78067
118152
82805
85585
75093
50688
49340
4890
24010
68158
67627
6694
61085
106560
108570
68250
52553
62891
10876
71759
33605
26919
32488
83004
115996
116492
58110
118086
65907
4484
55849
5478
881
99663
73764
108875
56488
81378
66213
48718
49704
1215
19564
55485
27213
111959
99110
43787
53295
113137
61105
101659
57180
33741
40655
58561
4660
66865
18872
92417
37636
13081
112976
75229
115143
65671
68370
823
3264
81453
58
70496
89951
23218
114862
7395
20559
117410
15672
64979
2640
33048
108677
42386
73874
103452
80351
43884
76519
889
113596
91643
85540
5867
87341
97384
55132
45316
61561
114527
53078
113507
69344
9173
24210
27776
112580
102041
3939
7467
37065
89087
98328
103301
26505
26937
28765
37360
31821
69787
116533
10417
1368
8398
117563
68575
116899
86479
60543
115373
43561
108329
61745
23261
77338
5868
52638
91009
87255
108588
69742
111838
78439
28383
99738
36848
28188
22191
111243
107895
39470
38792
70792
31142
34215
24313
24933
73005
77463
44444
1486
33891
28720
100171
117786
38769
68819
74395
97481
117887
8689
31290
23078
90120
52077
91605
94829
2657
61337
45693
58313
53006
63668
103059
57676
111680
79319
92977
66214
40787
117594
58217
100432
24232
65676
3831
36376
38973
56178
15076
79365
39330
14293
22377
27280
23653
114497
67183
48520
48429
39044
7166
94394
41738
26587
28686
90535
60653
43951
77285
67486
53844
33642
107502
29425
58737
67280
44569
81003
13176
16697
47991
113016
80999
104468
69859
42309
58878
90692
4513
111242
110826
7756
29855
69246
103401
112312
60117
60896
67700
50979
544
63525
41975
35344
65478
111610
66648
84179
47097
15769
35016
56229
51377
104749
50921
6503
36728
42673
76493
112462
70987
79675
108898
68137
75508
67365
79689
17676
65467
45874
46504
114388
111061
92880
74386
100079
98738
26728
110626
53637
101022
48522
73697
112102
73570
14354
4356
113980
61267
73008
69979
48377
97464
29493
27531
69316
114755
35716
95176
43063
13766
100461
36834
18735
19117
71226
103302
12093
61458
62156
68724
26534
45996
57866
59514
33726
117996
111206
107619
44158
14914
91361
68066
64779
89601
98825
23908
54588
115409
98308
30690
66541
65673
78745
105543
103939
54921
78986
32697
40952
99874
23573
94527
11300
114385
21359
6530
1497
42590
88669
107998
116954
109561
40060
4495
57465
88115
112828
2586
55563
27528
85472
43592
108699
96399
21946
59253
14426
33467
29831
58839
84586
38106
4577
95727
59955
95008
81066
7568
26515
54094
61925
97790
70769
25141
51895
31535
72087
109473
747
63323
4896
72487
53561
7447
98920
83075
64812
96016
45679
37740
108905
80038
11700
42270
50211
91250
19554
42917
110261
44234
90597
88740
83344
50860
70467
103004
15757
98496
81166
97142
53781
58119
93845
98119
93187
23719
98754
69757
99827
7898
97274
111498
38267
34870
4319
86221
85289
71429
41587
84892
81741
27455
45219
75478
30789
38195
114986
77744
98351
731
103597
29067
35699
19233
117110
7124
44148
8086
50677
13874
35029
117795
72480
27463
90655
34046
105377
101243
100253
108400
78286
4517
55941
110670
51652
56671
76460
116213
3765
38111
69668
63090
110868
4579
37985
85963
56441
90015
81202
69180
6212
106541
92623
56838
103794
120003
67155
99987
40754
68969
42851
49164
93297
42153
90466
11479
93257
33082
105039
91210
66746
80367
9488
117172
11443
47690
65663
62809
10843
2918
39920
44892
47592
77592
108014
65309
39433
110395
31723
109218
48345
70930
100698
110812
108637
77512
30359
70743
898
58576
8210
109721
109276
74884
60087
116763
58471
71487
18928
74735
68297
98611
55967
53993
46977
71438
66009
78667
73798
51182
93206
108128
106721
55092
118249
60074
28403
8439
65265
114607
51353
79822
112368
19164
52780
92454
12580
102680
115811
69819
55241
6206
27457
808
66881
100887
4317
10882
90132
93720
107542
41856
6431
57613
76338
17887
16829
56361
63923
34927
84848
108723
91854
27015
24917
67069
2699
16927
111566
113190
68042
29800
51846
88788
57362
18572
16709
12926
2960
47620
11324
70502
34297
60055
9146
112853
103820
17170
50616
17930
17766
51403
84856
9306
101787
4504
111496
37720
10164
45357
29194
2132
29990
3049
106157
87053
106837
29243
4468
7650
106513
62926
6342
2470
33533
25002
101842
54548
55050
53049
109011
80355
50717
5059
52794
117950
116161
41909
17863
64050
84054
68246
115618
4911
86104
51490
88371
90598
91880
81188
79173
1444
112806
75465
71532
114449
89145
9004
63356
9153
1382
24169
85282
59802
63510
59691
46203
34872
60764
69989
61631
44435
67412
95322
43445
62580
19581
20652
65401
52164
63053
50109
785
18693
35246
114453
93373
35347
69365
46624
103751
88591
90463
99239
89621
39389
26548
27766
36326
112535
108438
91388
76236
99672
24608
74041
33312
50682
76733
42301
89374
65723
49250
58848
79639
103222
98587
10652
47377
102797
6833
20635
31484
15254
29129
104914
43575
76424
4424
86613
110640
111300
43305
74954
43478
46632
51333
12187
83050
110771
11799
118005
64299
1560
60808
64889
14789
27618
113476
89100
10153
108347
2107
88942
9155
107303
46468
118077
105923
98249
2604
6792
94046
110085
68162
34469
90659
104516
3545
110774
37366
102371
10105
54999
110324
76736
19116
27583
43590
69086
22235
102770
65651
7719
11670
14286
5295
114324
45577
54690
29711
1716
102485
38941
43103
3783
20670
98106
69902
108860
117026
108058
81539
22428
81147
100233
87479
6344
15861
53208
55402
64254
76901
67458
100777
26731
84081
68174
52870
88821
89822
66770
92697
24714
69341
54052
92142
2421
110447
80793
9209
89011
33757
58404
106652
113076
12868
6776
111149
106852
69258
91862
116777
95849
78678
13111
115181
3205
80386
86618
89227
108375
66975
105439
59047
4339
101093
114279
82796
57820
104383
82781
95203
29693
38997
62268
80573
61559
36818
63559
75631
105153
32455
84346
25189
106516
40559
86513
49533
82506
62325
34950
109788
24965
42578
103738
36341
72221
14131
9191
117911
70997
33648
16268
57504
72432
2413
91525
81152
51693
75641
44946
8104
50332
53301
71086
105734
76993
88238
70459
62290
108137
10469
80991
59949
63231
28622
55406
4501
104199
11973
65139
8422
55820
18921
38047
98248
115986
35489
38382
56327
48146
48650
116653
8786
15954
93069
110955
109912
85337
37583
53247
32040
76480
35511
18978
20506
20704
73269
115942
48544
101353
50321
67676
113990
78892
594
116823
103735
70937
16591
25679
31792
76941
115236
8497
46549
63504
801
21306
83855
49196
80759
113467
10005
114318
72800
69321
7620
92901
105521
112411
34258
88412
32817
7831
78739
113069
35930
55983
104864
7340
82730
6495
102119
34785
22288
79652
97397
2342
17418
31362
6489
65443
44266
10796
62873
102464
47225
5141
97312
28380
31856
8119
70110
1433
101654
107962
54370
55991
117591
30035
12114
15308
80053
6393
113746
78550
45374
98202
83673
55211
112882
82610
35022
19702
103902
64226
19143
71733
31222
103528
33897
5787
23607
106393
76427
8607
20820
77727
60100
55868
51586
50217
78726
42211
80802
50567
54501
79796
69816
25100
69518
87636
41117
32707
64411
29909
86001
89594
72530
74418
85049
93647
115172
15655
99704
48428
8882
4820
29818
43310
11440
114002
70865
9493
37891
24507
60930
48209
60119
45283
39352
67979
47032
79721
92088
28861
2609
61381
66031
5132
61985
10172
55719
22349
103026
41199
6853
46478
95187
30381
41269
53583
117121
86300
30838
58642
21192
72833
82139
112506
61694
8767
9570
46558
54707
63307
11666
51781
43225
17289
1419
50197
69106
78184
90816
35764
117006
69435
86390
69600
87679
47071
43713
16411
50271
73722
80736
16439
54537
72198
40639
22263
33449
10091
8974
66708
102638
63773
25765
52193
83829
39226
61571
48086
3443
43245
108693
35384
63635
28302
116510
78241
64567
1545
54113
35406
92069
99423
3885
64297
80289
52705
102343
48041
56289
97365
111836
69598
103517
17594
20264
1236
33485
43768
8160
22866
4984
45317
20261
19253
104752
38811
115203
85867
39865
94743
62546
92731
30437
103799
66414
64353
44481
100583
14539
37781
74548
72134
19171
76290
32360
37692
95031
93080
60031
117069
40157
58973
53335
53465
54517
107031
16012
91105
18638
5247
49327
102120
97032
61573
20979
10973
28662
42336
13012
114368
44869
78027
71277
18316
70602
56910
96432
54826
47664
93762
114822
58305
45423
73944
87692
116264
109908
89894
48072
91321
87984
64484
75345
18856
49719
27187
1955
16006
56621
16691
59236
12856
53321
79661
12328
8100
86782
101822
7421
28886
27901
47291
105116
58752
42359
55293
114201
110914
87773
526
24075
68956
80404
78983
115188
93102
102253
86615
57516
89228
68551
117451
59835
61273
77301
83591
105160
29241
29548
51798
26703
29113
5531
74806
70750
99841
3406
2571
53658
13716
80584
72855
28874
75504
91375
64122
34550
64502
36145
99665
80357
46935
8547
2941
47990
109657
81191
107248
6055
58888
27924
83190
67919
99942
108490
97783
81116
72109
10505
11254
21622
100519
20359
66625
113863
23242
58277
95772
20376
76534
24190
41550
95368
59643
72798
53725
67971
56131
1269
84316
68687
68433
104755
10783
48433
13449
69178
102535
19777
90997
36180
9766
1421
29488
110258
65768
77598
51633
115972
107314
83763
41484
99208
69282
36551
90026
67285
89475
44559
44651
110669
14633
24660
87743
39162
62687
16204
28808
70247
94982
9911
6966
8651
98124
43080
84664
108681
97996
67047
83107
66149
51886
14617
2225
135
55073
4979
86118
47671
103108
93408
86996
21256
23204
117395
52120
45412
65526
100972
55032
70198
58537
61946
101079
65133
59584
7026
57290
27332
4606
48723
97556
7480
27052
79481
10412
34341
18538
78395
104296
3435
62473
40370
49345
63650
57288
76178
20130
63301
3915
61254
38522
48821
19098
96937
49691
97262
36520
65563
12771
83447
103933
60107
114443
67225
35679
95863
67662
13190
117520
77097
65193
5802
43215
8088
108092
86226
39604
92287
103635
111873
65049
14073
96998
55340
4473
60416
70061
79720
109335
14614
104325
6372
99927
100606
87738
75019
55434
103331
71886
49685
4283
110954
110071
13932
16974
103161
99058
55645
42715
74443
4062
31188
104960
65115
21408
93019
70410
14838
45924
25366
105574
116047
116085
91985
91209
86997
17087
75446
111989
11387
47729
108475
28571
39881
56589
84028
44537
45442
55236
90636
8096
115695
53222
48070
69569
32939
46110
4843
92086
59748
12680
69186
35459
67376
73776
101588
74618
41707
82056
18169
92187
18048
39179
80713
67827
89028
22393
51487
70095
70921
56517
56427
60433
8544
6826
34117
91635
35196
16094
20248
53157
110536
39071
13572
86509
23219
63176
41664
38637
61566
115004
112438
68482
55089
32725
53416
57140
81833
16128
68402
104426
43851
27027
73507
74028
46368
60574
15737
43957
99114
11972
26410
65322
61995
115191
68275
34489
50599
85169
30489
34769
115256
48046
57205
6265
67626
97812
98010
60963
54418
9797
98940
27417
101810
31665
73994
53383
102556
100350
70377
118221
76186
9825
90175
112354
35687
21257
70622
65589
41028
46904
104018
30064
114358
98353
51384
14068
31859
48988
89908
14606
60109
111272
114693
72471
117513
2235
111942
44476
75342
112522
46680
106482
98149
9967
12472
35982
34567
89455
111203
99387
59085
23377
29036
53712
34155
37843
33024
102012
106085
36836
79735
108170
67939
42123
60050
69722
100183
103035
85597
11457
42919
3965
69607
89527
18262
51938
46358
53690
9056
8541
23761
65145
43187
32512
6061
70473
84283
82954
101905
42940
101546
51561
108453
9362
71195
32522
10751
27997
960
46360
113231
47640
32685
40438
71061
105517
55677
112461
111059
96842
23566
56998
21988
25350
113484
18071
98617
51266
109876
108982
93611
23844
17157
39312
1993
21488
21338
18841
24450
65737
112666
3121
19962
75767
15374
24504
47696
79898
54285
117194
109810
90881
51427
5838
27234
33709
11415
97603
65716
16235
22491
80930
5304
64960
62537
90833
44390
79406
3991
23188
102379
106745
63604
26737
106096
71900
1309
30371
98397
96426
59889
4195
116231
110527
64504
176
54651
70447
43652
39612
5183
31266
73918
113313
69346
37510
55363
103091
82743
42377
116368
54778
106044
21912
94669
11005
59161
47263
72465
76189
109621
86439
3114
84987
112821
65091
32043
102430
61990
49117
112914
44140
9029
78235
94926
67773
72371
43706
93305
44217
80645
87174
49767
8953
40386
90647
49500
92475
24296
48766
7739
35729
87569
49091
5938
60659
90448
51415
13157
67198
68190
103382
13388
36933
42507
36592
7263
64538
67752
117492
12196
62384
51697
49279
37488
97779
91978
28800
110385
117624
23198
101678
50116
55112
105350
77686
11927
107873
55652
19121
92986
113944
53107
82249
19388
98858
25332
109365
48703
65561
3175
95103
76198
113759
61636
90563
4251
63767
83517
16232
110056
62757
108452
100558
16320
2423
21209
85790
68082
13503
68375
58507
55632
65750
23359
92850
87911
51199
10733
68478
54135
78282
102903
1319
88825
93275
82522
48350
70799
84780
96152
37632
115405
90212
92223
62435
66345
56601
57060
84061
68507
55936
73910
3400
13198
115657
24621
25345
20714
11600
57944
11001
93827
93685
5534
100601
34000
69612
55016
63125
44601
12594
13907
102593
99165
53422
17316
102768
73558
113969
99996
56182
53240
71904
13392
61010
1050
44084
60112
82092
105570
24526
47201
21456
48626
17102
67158
104700
33090
92104
38805
3381
92294
108985
54613
107779
2913
31590
85207
36314
60879
43542
3211
451
98500
89772
49639
7966
12493
42253
39102
68091
67271
80346
24046
7932
14929
4003
2944
50587
21190
107597
6378
10279
57364
35943
16322
60213
100383
42353
53172
117050
73192
13531
87197
59370
59615
47272
51751
71064
48714
87113
43230
92599
70480
33101
76628
111987
5319
69492
65231
87092
2237
24424
34606
115073
52609
3615
65602
68484
108698
97657
81437
27564
32752
109767
38969
67966
90527
14456
62077
82244
41661
91662
58849
54366
63621
98921
71599
66374
23614
117507
75295
23448
17868
99306
82194
70165
85978
81044
60840
65204
102332
25776
40107
49634
61611
33854
9401
107345
19733
68544
42083
8611
32049
90005
103260
31267
78248
38985
77055
76853
29949
15506
28937
62190
97501
1336
15495
51275
8219
62412
102129
94971
114886
56795
22751
8492
94892
40434
71617
64443
68500
4206
59737
49155
67832
93366
108594
70068
18720
1358
6830
101218
41732
89485
113437
38559
54346
21181
13192
60212
105962
96706
80229
3999
55750
31156
66713
95468
4958
89764
46734
100540
33718
52909
64110
70951
7129
32818
115322
102852
67171
80066
18714
68971
113630
62159
10334
35726
42905
15573
46895
52987
29842
44262
94224
36782
73829
3583
62202
70745
29827
87914
85394
17260
22916
35139
66971
55599
379
4800
5302
6246
981
116783
72673
115752
111689
59893
30794
50732
22464
117007
99914
97008
65698
32906
43379
37118
96306
3488
118193
85989
91941
108623
116906
115091
9156
34433
79958
83248
111686
13121
113922
20075
31625
47543
80650
63338
30762
4970
86355
23707
110401
6813
61576
3604
12112
9186
58858
44700
114061
9372
22332
66762
98925
90035
11678
39092
110690
21165
107712
90036
51439
20
48576
56070
50585
80634
83919
44840
72022
8437
113333
52959
109403
55014
13755
87861
84223
21137
103958
66163
76346
44913
23663
65971
96182
56734
117778
92450
100037
49024
106062
111869
112830
23871
3231
9349
27908
85050
108233
74457
51547
47982
114967
53589
28734
37657
112272
8926
93600
91077
11975
65770
112443
37620
87083
89104
7689
44347
38901
13064
76096
115468
25135
69469
28764
1218
17060
95089
75249
97208
100284
61725
23766
55523
63402
59692
12273
67159
75541
113622
64078
42149
63960
74564
114907
68054
59050
5477
96412
105791
5483
64330
44550
2684
47836
15528
74029
21431
77860
58694
28688
41272
109282
40344
5135
51028
110188
55475
59543
56636
56842
6818
64927
89287
35572
90928
109342
24722
57578
72540
112225
33241
75435
70882
68605
106040
11056
29882
110706
75602
63998
34327
83288
80687
96709
114136
109941
114046
33719
83084
19740
67413
81470
45476
76654
10540
42032
17821
75066
14564
104045
49398
5114
12420
61793
115057
24456
68792
63732
29700
66589
102495
54564
34410
111219
5731
11009
35148
5740
113543
5817
55486
34228
97725
11955
34558
62355
41589
75720
41004
51301
77985
938
3614
50278
11114
72847
7740
79626
111449
114044
28846
37177
62305
80933
47205
1321
69677
65462
93871
66352
100868
1673
72656
115088
75481
68076
109008
25387
40352
69124
108734
48366
98831
113548
105327
49179
31761
40491
88782
88832
35361
64445
40144
36611
31072
3474
95413
112458
62628
11143
61844
74072
81732
101462
79547
117765
22602
55665
65646
66700
58155
8805
96647
110138
81659
35900
95520
40231
21199
72269
89115
32838
805
34543
60795
84034
63560
106342
14622
104375
106786
67314
39160
103082
10350
59083
28820
50992
32968
47468
82359
35815
41663
9440
17879
104786
106178
16401
64161
109843
74540
50951
105888
97682
11793
58056
7501
101513
15253
52171
103269
29569
11265
36399
76664
7025
60301
32729
3685
39559
14371
79601
105886
40402
112515
112650
5
105227
3948
52326
77822
110621
108380
76250
3807
36161
81676
19636
10223
52140
75661
113933
84917
59585
24927
49989
100549
101963
12092
33077
72923
93623
63407
5082
78491
71616
66014
99985
1239
10418
40625
15658
101484
57217
100169
71939
113520
81413
35077
25213
30411
16544
6419
115473
53931
44914
61076
57341
44111
42612
49005
65495
76627
45719
90441
9350
8018
108299
41659
72698
87757
43176
42009
50776
8250
9463
17394
70601
56759
87408
6315
113396
82024
106274
91438
58850
51945
107685
41689
48346
19310
100259
56749
61383
73009
61284
59094
33955
107381
102424
116516
107231
79337
59726
55905
33192
92794
60746
56217
58932
36183
62443
43490
114930
47734
100906
91769
97890
47376
61455
45106
37459
54708
1954
42049
63518
44524
63710
109032
4966
56713
73632
51550
1439
62040
47443
92431
107298
110797
100717
12410
94834
82233
91969
35987
11366
39986
43772
104139
70032
83051
48387
49544
62438
54945
105772
20849
78903
7929
27779
22253
99722
102040
19446
96265
54116
51591
110703
43838
51397
94643
56515
69210
110297
58051
75518
91305
1532
38296
93287
13132
16806
46835
52543
109555
53695
32065
47102
112051
63122
69090
699
77533
117159
929
59001
62273
105483
37438
65360
38191
86202
40479
91023
53580
68553
17805
66223
117958
3424
67825
66098
16142
37088
28134
91316
115578
108154
80247
42364
16954
104200
89113
71284
82419
92637
67291
110972
100969
61754
11231
20542
52221
58106
56101
69175
49461
35672
109930
73277
115936
11502
42499
58331
64604
65224
86340
62928
45838
381
87362
98612
65227
95467
44572
16807
71117
78584
62014
28504
42807
101172
94400
89047
47261
23332
56819
93318
43749
63418
28051
26620
53241
15609
79764
36463
97518
97324
206
75533
19257
103537
117784
8127
52042
29676
88839
17343
49748
71795
3182
110147
85749
109116
74930
97006
40847
41449
75618
59280
60776
13122
72797
89487
54056
81224
37339
82267
73936
16022
63636
83504
26003
79712
60365
101612
25840
47363
115123
103661
78526
26943
23854
110717
64726
9182
57586
66353
66769
36344
70836
102725
116494
99848
9683
19533
73607
60976
63647
19552
62246
98020
85864
61840
35533
90642
60611
52828
50847
60402
45609
75269
114501
53253
109493
105639
50895
105789
66493
52675
113829
84163
106065
12780
111190
58805
75494
10169
36571
6693
81300
90988
93804
23830
80221
117409
89211
19849
12439
20069
65531
36641
80488
8837
49332
80669
64577
46938
73286
83490
108814
69519
81720
105679
47762
41163
64898
12057
33812
65216
49329
84953
46952
84887
86263
36983
53764
75643
11398
105066
24284
91010
70630
41026
49449
45904
77938
74308
44422
34082
54367
893
116102
111600
55508
21155
17356
71330
81747
45623
61118
114407
17277
57896
78322
12117
44050
54586
105213
46953
116920
41208
107652
57463
57402
98093
90447
69941
85175
84009
2184
62244
916
28683
63752
29433
32655
109006
85995
60307
109770
4375
99920
73454
29080
27307
1772
57605
107143
111984
1685
108791
93487
38183
53119
97935
107010
58869
56230
42682
96977
94041
58807
13031
64449
93490
30874
25484
38878
84307
43531
80081
36533
110009
47240
68760
35122
77396
41502
11522
79171
54269
98936
82643
14981
79284
75201
27402
60555
76349
27728
71292
62124
93628
81274
4720
54782
26641
75604
4520
18494
66660
63215
46375
15074
17881
29692
31664
306
92311
61171
117185
86330
37020
86289
66159
46523
97417
32611
102762
42634
62231
95287
67146
54536
11530
76228
88407
70382
79170
47798
106508
67193
61932
60749
58795
10496
108236
117599
1476
7235
18154
72552
47775
33040
93875
56753
31527
69554
49621
71908
20152
22988
111005
105814
12088
27795
116120
43620
79389
75945
14372
109790
80561
7585
9323
13940
14382
11923
47199
100935
61860
40834
101134
69744
79182
101615
95051
38925
9572
83739
101197
5692
33246
88465
91745
10915
96049
100976
110704
111385
52469
17464
867
24
40256
75326
41136
104252
60171
109675
56198
58833
106156
73327
32328
60928
40889
83955
107123
67537
84486
75387
117332
4366
58052
92803
83001
71250
94388
110974
6403
29869
19472
108995
8510
4857
117622
52912
34819
43874
1078
76998
58625
8055
74995
1834
48630
5196
65267
97916
21032
115445
104790
20283
54954
111909
11373
91022
113631
46027
116635
63272
108068
26984
56035
12425
112932
77027
6093
30232
107941
32510
36334
99471
55323
110943
3720
79636
30277
7146
73650
84821
1582
14042
79082
58768
49285
52836
32965
53964
5232
37071
59115
97674
9456
12728
42319
103767
76831
100539
102216
89775
33503
86080
90067
78251
85951
14353
83996
94817
60314
46100
44720
104637
84527
100418
70292
48402
8193
2091
53009
3813
13592
95706
88316
80803
106039
58539
30440
41830
111548
96344
116082
14640
106449
44855
61645
60630
41817
101331
101016
19893
38801
74970
55428
98373
66719
46874
50626
73224
54127
82529
71912
45349
100545
70711
41468
4637
117814
75718
1627
27537
82235
102115
18293
15539
113323
23688
79115
41704
55509
92840
75722
30187
8248
65626
107036
58100
40691
70082
69715
70108
70251
105720
100884
27558
36005
7208
44979
72792
6941
102290
83289
110115
43737
117727
103836
75047
94885
97832
57999
9855
47905
46151
72516
57908
43181
55013
1398
8287
45721
96805
71125
67179
17673
69369
94691
41912
57167
82750
88531
83846
98809
79670
38672
79059
104758
107198
101232
19141
93131
31771
70731
52265
51685
35331
66076
111697
78225
101432
5341
73637
103392
105256
41949
64773
77447
116803
37314
79086
5542
28737
89989
10970
40527
179
66150
9313
110870
94622
47388
5662
52699
72176
77058
47625
91805
78288
42146
109973
80233
49856
56736
116652
41890
94354
27435
79043
112017
81253
59212
47940
92768
76200
70681
64691
62925
92524
63533
21348
92837
105978
101620
86232
31458
79286
75143
11585
71040
20311
19908
8726
55903
79669
5140
6422
79666
110104
106771
51792
49848
10056
114441
28250
81090
47981
81005
60597
91569
44319
68656
34662
112745
63136
103586
20243
82421
16171
107690
62821
83715
74857
20365
105781
18226
53582
74656
59439
106077
86632
61073
5019
85857
2072
52831
105680
55756
47009
94680
61778
80375
8870
105481
100265
67298
62427
7930
75580
48016
60440
60445
91585
66013
12872
96459
111143
75158
64022
80131
64685
18007
55191
71727
6193
108474
62888
15319
71171
55763
39329
64464
108868
84797
87889
101593
52569
41798
102481
73526
553
73105
40167
94473
64361
78015
69713
33145
24367
56724
5215
7255
90934
112303
32020
3375
37211
55764
7938
55846
42516
75947
3781
102337
6110
50125
36333
47756
3620
7676
101103
34594
76900
86740
61574
60979
30664
97537
106481
63163
21778
105834
100921
22144
103520
8643
11144
19496
29752
62746
13916
26268
22817
53238
54597
81644
3063
64803
22715
11542
29017
62363
1354
55173
2320
50360
54271
1720
47732
68049
2553
28301
76384
6194
18364
97206
72426
17956
97918
108
30546
30892
87850
54772
43177
103663
115662
57498
83407
48077
67401
54508
4917
77986
27785
74597
23277
42502
101757
10910
14779
17496
84213
92542
50372
28419
9215
80124
95904
29789
149
20161
108496
18796
33197
107678
72061
70142
85498
112335
61121
79456
76520
11395
99558
6846
54993
49530
3950
113477
109307
19217
102950
68590
32044
69333
28558
104180
33156
9927
90286
9447
85047
60946
14547
50668
90313
8543
18078
62275
99864
7289
32064
76315
72339
64689
60485
66359
18844
46445
1056
21632
61865
7237
57301
70935
62213
53524
53827
60809
33271
64222
82746
87717
88790
749
106119
73064
74336
53202
37108
103522
8946
15736
48856
794
51293
93255
9977
115271
6440
53245
69121
81755
6922
50505
113552
101919
66186
57092
95532
58082
74148
40378
53596
114525
70529
16739
51027
109334
46709
19232
62042
101160
106230
34922
57917
106544
41377
87658
19113
94761
46488
28316
57383
57016
69359
30428
73427
61494
28044
61344
56194
71466
52986
60525
33103
39424
80181
94769
2781
13421
14220
17889
107342
10258
81795
25449
76287
1409
113718
37590
54109
26999
81460
97775
71751
83857
90586
35949
66287
75260
87334
48940
88273
53790
37978
58730
52383
109465
64405
58720
32144
65513
117798
61389
69007
107517
112678
55797
101292
2937
66127
47410
23473
11270
80389
64321
5165
47956
76276
105617
104713
33529
64669
100686
67269
34678
78791
2743
29174
56626
32708
35387
41195
101838
62515
6395
59925
36319
52890
103015
66019
83342
12881
18893
4696
48413
90864
113674
15921
41724
22913
21617
100874
95852
109582
63838
25849
29750
106534
15100
60459
99732
63024
88805
73979
74882
96573
107128
74271
73468
47655
50130
118157
94704
13310
40050
61667
28681
4223
53316
62477
90952
96429
114515
89026
57411
99569
56497
88799
57713
117818
113781
18255
68172
4566
80784
40686
35548
10870
21537
98155
111110
22059
55011
9764
69166
63579
43170
24717
86404
79946
64500
105090
102460
46993
73213
20480
68332
10301
60082
51916
46306
56089
74793
86745
7747
114532
89897
46535
41319
113768
111378
64452
103321
87764
43870
81924
113005
15517
48494
81718
54779
68937
90189
101779
3509
74085
52311
51246
10069
104092
8397
67031
51565
115242
89386
92373
26685
66461
55606
42637
93571
61598
14060
539
26552
9095
107247
88607
117066
76445
2186
114709
114865
45082
70334
38363
19577
46529
51919
41491
47135
48119
73430
57090
101082
846
98145
99686
7333
61913
54376
117218
87221
77707
100017
65816
79270
26039
77658
5521
86473
53809
52309
81058
72942
19172
60140
100455
22065
90818
62259
83141
113685
76639
22027
76844
46389
108500
81338
91647
58512
84625
60694
86229
37046
73195
13460
40715
10353
103595
58380
96234
64278
58938
104824
57387
101332
107380
68637
40094
104382
10382
11520
7954
45835
42895
3050
81374
11571
95458
56907
65557
20266
61469
37248
68349
38908
53837
47931
22850
59878
105205
87089
20219
46386
70922
59331
98305
39361
11455
89632
66232
72026
14211
28110
46629
116613
62019
71179
98156
19789
71588
81237
29632
37357
68881
49517
59707
21429
74792
1704
31903
55525
109461
11389
60661
13542
44434
30024
55821
10525
106093
89008
104064
44504
97420
86350
112712
65841
47469
53002
62754
106955
28241
100274
34701
103938
44733
26842
54556
15046
112527
14668
46388
65956
67151
61037
79320
19959
80279
103962
13810
14904
44114
79807
10331
84665
48778
77464
60604
88415
80725
113432
72664
99631
109933
46723
36850
102309
68585
56696
5694
109166
55029
66277
19242
85302
98052
24564
42064
98410
97132
19187
36979
103570
42345
63191
99386
73582
65266
62377
18320
35971
5372
10589
102758
61493
86119
56987
8637
23022
69063
115842
53071
77286
40338
20794
61804
27452
109111
100644
34333
56516
35838
50916
104294
5738
57768
81014
113905
97917
35146
93989
48969
27855
38543
53958
15820
56335
6859
75556
109420
103624
88901
100708
65882
84726
66760
65550
5566
64032
70990
64238
52007
15382
27803
98699
64680
85235
103372
5419
19817
75943
107745
83832
108228
40122
83163
107618
13359
17666
75274
98716
46888
8995
35718
15507
47119
25562
23112
48319
100152
50783
114037
34145
72634
51526
100567
91516
103330
62103
58792
75057
34028
61163
85461
32101
91171
71039
16286
84419
108940
36528
15301
95217
91303
110060
109096
24001
117377
101857
90074
4794
107584
107196
35062
94609
113703
50192
117678
46194
18327
60164
91671
66375
108618
44891
78795
60481
4650
95341
96370
117482
40510
16866
4584
93858
109990
110620
32617
106452
104329
10616
54303
96239
52676
110225
2452
82068
75371
27510
89880
31595
48275
23631
83276
115766
98838
114588
45678
59639
34283
99452
8117
64965
104504
111373
53471
80
77516
29931
89032
81571
64153
84210
112162
105946
70127
55639
114518
109228
24301
79116
66788
16825
54177
114018
53777
9271
5415
102877
18340
5012
86963
29063
110861
76397
67686
79394
48136
32666
44445
12653
104256
41935
41312
4200
80058
70885
71608
72326
72328
56976
30773
77307
66840
32530
106337
47039
100298
50767
35569
104958
55602
34025
85537
74757
73272
67085
46603
8598
103611
57
73173
75676
102893
82983
2995
19492
50911
65077
66145
5695
38568
109262
66723
16827
95650
37705
76014
45890
87818
90003
61979
23331
37665
101586
15220
72504
61466
58319
101997
14111
91894
47224
70547
74268
117258
39812
110099
6430
51160
114119
82343
4008
103653
102729
7769
104326
68057
110909
19454
53165
52990
17867
10927
29958
102807
107558
37342
32790
83433
43727
65560
110502
54204
8881
68875
22874
59192
76837
106173
84684
93938
65915
89785
56935
34017
67628
24846
117089
12718
11380
2352
84855
29903
76379
57619
18761
73001
1477
86135
15357
64707
57089
78423
68682
70523
39989
30019
65051
83738
78493
29757
16509
82384
68769
39133
24148
97706
57001
84924
46417
118301
11282
116976
114428
47630
84298
104094
44405
113930
14177
23171
104835
6638
79512
30570
70591
25330
67460
85098
83147
17993
10632
26582
73841
28177
96925
53615
19004
62960
75119
410
3544
113878
37528
14473
66949
102383
79637
59527
46398
111810
26277
58207
80767
17989
60275
69790
6057
69950
26216
114017
106177
35126
82902
40851
10064
92700
93191
93321
4658
11630
53532
12784
11933
114332
85294
18605
88545
72257
6496
53523
114799
11896
100719
68734
64599
63584
53544
66121
22858
70969
39710
13037
62107
55943
65609
43145
46821
1875
27092
112018
106803
70317
76167
50414
41121
7464
103495
77676
84147
12595
54767
16049
114190
20419
83906
64655
88357
27420
25962
36969
98608
3617
34775
13848
15557
80558
61328
42406
22807
77304
62453
52548
26239
118299
15792
117542
88600
67787
7328
59284
80268
73849
34932
76398
9496
14238
20186
59974
13345
48866
8383
48398
15107
65708
84056
99376
28521
31832
41861
48566
51084
40459
45889
64939
29970
28070
21412
83810
28823
38397
112703
36266
95120
73121
77889
56448
64626
65929
52279
66168
48414
31380
99352
54765
71729
98142
75522
117508
68159
62886
116237
1351
116601
69904
46011
23302
49844
82835
96919
98138
39383
64526
79109
108870
10837
16712
81435
72343
20634
63081
87278
56297
66089
86292
86352
113775
85726
60955
28707
10960
63508
5559
66294
30083
118266
89669
30541
25696
99826
50907
54024
48810
117718
17600
49698
38722
94091
71283
73498
94949
18343
102525
31674
112555
30480
100842
47986
110078
67333
84229
27649
106080
50851
104192
7339
105461
51072
108468
53287
13180
101156
26343
29571
29254
93629
26401
75949
106915
24030
56624
70331
113864
20948
66096
35306
95590
69962
52429
51726
32735
43694
101337
57818
80941
64593
30103
75127
85102
78759
100919
2267
96636
27704
81813
2368
112388
79854
109631
78642
81176
28769
106856
30431
88604
116905
8276
113701
89216
117885
113671
30514
10587
76697
43014
69747
108071
67890
88127
59239
108815
436
98001
111710
29974
39026
50100
106988
70310
48743
84679
21281
54713
98423
13535
39985
74273
30131
59588
84181
63204
86141
47331
69580
113546
82058
104269
85820
66492
33501
71291
113001
50802
100160
78217
43516
100425
61387
106588
16778
82492
854
64107
18740
104526
54681
112835
78159
83239
79322
87172
110742
51368
108655
64759
61781
38015
86733
10744
113941
102147
36605
18892
19509
59466
44667
84329
62724
722
79002
17917
6602
41743
31913
112874
22462
70414
118265
27772
90918
114639
55528
105905
1878
66522
43904
109737
109761
46339
117747
108950
10248
79863
1809
113731
55581
53175
55701
10111
72545
74286
75847
105125
40003
87043
77023
65517
86026
6709
88971
2443
40874
109183
55
76345
116222
49884
102092
37647
59424
108845
44492
4674
115959
72567
63102
5952
60157
5585
76035
9404
14150
24806
81715
104214
4353
94528
55250
57607
42344
85506
53974
5836
49902
19294
18547
24071
61186
85436
107432
74006
46446
14302
11137
21352
84783
5494
60502
1128
115991
45879
106013
80680
30444
11677
91606
49830
49408
77881
47245
102651
69136
51684
56915
97151
113133
65913
70553
8989
6872
117195
82694
1348
84773
25879
91306
2551
24561
113370
95169
20144
20745
51682
114113
49541
50744
5629
97531
7661
90972
56630
7089
114489
65330
17082
108231
4855
2962
86882
102046
22176
65581
84676
32514
22044
78080
52041
105644
1418
77956
54008
19481
114863
26724
62201
70054
115659
31898
95927
33121
6984
13185
110749
100217
24728
19471
42871
49053
108119
51448
77350
12480
14605
112222
27814
94362
67059
49908
28786
58936
109821
70507
114804
11575
53888
1508
33061
27318
49610
82912
31467
60902
106619
16110
115129
59472
64098
62575
89846
78985
17846
37946
34923
31951
13746
55445
33799
91450
93448
3810
98792
52192
38962
78243
71896
113186
65947
102938
8121
16871
37762
49770
75836
31089
58590
114736
70469
110988
54417
56242
47300
83108
110103
74257
104897
83842
47463
15759
66322
96505
114069
66234
80423
49529
65277
55884
80649
79081
59910
11399
88820
27344
17902
107975
114312
104225
66194
107593
29157
92862
77691
98876
54728
30622
70721
94738
41165
117854
55807
1976
87309
92178
33382
107924
106341
30896
88189
48675
62097
22820
90246
114456
24124
57800
81222
34338
83692
8972
68963
74153
1766
5411
57435
101143
22646
104601
65251
93764
9957
80259
47170
51036
84861
102805
72669
61710
20429
50268
81701
97560
11775
108193
65427
64764
77268
11081
107156
97313
39645
68105
68368
97465
19799
102076
3322
116275
85074
1654
43414
47251
45170
37660
47249
54075
22757
14269
23932
63909
42434
37299
74537
43079
72160
49839
51357
49615
74602
61412
65210
46125
9030
33783
67977
112762
102579
33861
54879
81880
59198
76552
102635
39873
9837
38223
81835
37291
88695
82064
117878
47850
60956
100334
7454
24824
40110
102280
23328
59829
65336
41883
105546
20741
65830
109303
60940
78180
58864
19461
2388
106736
57970
6886
26382
58365
104408
97744
107054
114751
106868
60623
57377
71481
26650
76919
7794
85065
23831
47486
69405
96761
102475
97892
80821
111795
111062
61641
53942
5626
54540
80568
61153
72746
102872
4197
42881
31669
68519
77208
115970
97867
79120
84546
98111
112768
62501
112155
13877
66067
27244
21147
48378
91588
49720
22022
49542
115106
74320
2583
16547
19538
117659
15648
47472
91407
15024
48199
48698
50970
68732
103407
41477
92835
60161
39538
62615
34684
41629
109965
85973
102196
61376
76829
92887
59632
71060
103071
56580
112205
10778
73199
70754
43543
96775
74212
73725
24671
86861
28326
10510
22220
10917
114404
41037
91801
17258
91289
109094
103831
60467
27731
84405
112091
81565
2115
17483
80114
60411
116774
53904
54985
69034
81703
68015
85076
72826
117702
33205
51797
99880
100515
51361
56259
109131
23630
48403
43233
26292
65812
89460
84811
30905
81919
103393
105660
92039
13964
108192
64318
5834
40534
39798
84606
115622
5866
55174
35821
57278
67305
57754
30060
35520
78650
11305
40941
21534
58002
26182
80322
69202
10215
44404
101285
16936
64020
43673
118089
29173
64827
112697
9171
87618
66877
7144
64887
4944
30004
60419
58941
23846
79331
10583
36935
11910
62350
51994
25514
40426
53352
52198
20751
106294
102254
51747
15296
57007
82708
97621
90442
81613
96276
20614
100529
5530
79349
26523
36476
8358
79929
51664
98962
63594
51107
72041
52337
6335
107994
111910
20369
3143
1193
43431
34768
51566
38043
66495
111412
97120
66945
53112
30945
95083
142
105652
21723
110611
36945
56959
37635
8853
1764
70570
1457
42084
117691
99502
109577
94162
5894
100882
68889
33517
13489
87777
79296
52634
71693
81912
100615
13864
87803
76304
93489
70715
105184
70755
118045
95115
13170
95902
70794
48369
79259
97016
18280
72499
64077
10798
47949
108702
6861
98622
65598
40694
24219
20762
31018
103931
51401
6834
104124
80486
99431
46639
16048
70626
71583
30832
70714
109077
65306
43313
56027
26882
62905
23147
74644
9788
103915
100336
75174
84303
3480
89419
68264
67235
66562
90782
98720
10203
81967
103896
54522
47992
19219
95357
29884
84068
108973
1399
114882
11437
113534
34674
57730
64180
3632
76670
80690
23326
101236
52911
10619
108624
48729
8423
42057
108944
28701
69879
55555
5269
43164
96951
84621
28166
97729
21272
74260
99873
104481
81875
26559
4833
41230
27310
64854
43829
81641
28494
115917
46662
14188
69253
70234
25282
54412
72320
72430
21843
72217
4656
65736
5734
105577
55799
117825
55501
16029
20440
40065
76659
27968
63942
3106
77431
110992
93148
57050
32929
2220
101870
94939
65703
51410
70017
59816
61801
81656
92573
41021
8645
15145
116029
80182
101904
67667
49852
108385
39521
89575
58803
6678
9614
104926
65900
99843
29525
27660
48546
57558
91413
50859
23042
48904
45756
52508
101166
114513
46258
7058
31726
27625
66239
42934
69555
2363
44676
95575
73362
102283
101587
18495
24457
93605
14946
62240
948
42542
5273
13800
12058
44019
43732
25697
17534
90902
36409
1523
66209
77558
4289
29930
2978
37138
4989
55641
46963
38676
102853
73768
69437
50542
78102
71887
57268
105021
117771
48069
19334
23533
35690
20696
92577
13092
15131
58071
103578
23124
59501
62544
7338
68783
91812
8832
110035
111130
57527
117497
15702
47440
2885
57141
1323
64182
25391
54369
65484
40991
49847
1168
3586
16205
47113
1845
60336
25321
101170
65678
88756
33170
59357
73536
44230
42373
75033
111283
66274
8733
50338
76428
1111
56537
47847
70920
64551
45301
82776
31296
98436
97011
15120
85998
62116
75974
60462
83010
62093
69462
110680
68799
92571
104493
58891
72370
43347
67923
66087
44118
52220
12986
104384
44943
73056
90838
30460
16330
7368
68461
90193
102067
45685
115520
63836
75256
39738
80489
97070
47650
80076
80278
40910
81223
91720
114286
102534
30720
90098
100929
25504
104699
8224
38623
61488
65489
40269
53389
58818
3894
13834
9608
63972
88041
85960
93111
18505
9018
67470
54141
94739
40860
17346
81497
9782
72238
72735
102844
16184
9889
20087
56226
68796
71744
23738
16663
19382
58359
41411
41429
4812
24126
95947
44121
34776
17635
50314
84364
94598
83389
43790
58620
88319
96229
25190
13951
116705
57274
61318
74412
15592
53688
86395
28548
111893
53499
109271
21054
55724
117175
2110
76221
716
39722
19540
104370
88397
79941
9677
55430
103639
97194
95067
73325
114725
38862
32740
109729
8409
2176
100294
1537
25770
76131
41483
113393
5605
46806
110892
64040
10588
86048
62550
15167
77565
76539
74097
107870
28884
69160
108539
24254
16891
30269
51114
22479
53940
57363
78953
113632
117115
68361
5646
45287
102923
85265
92056
101210
33428
71874
104488
65349
109601
109437
6108
14284
59352
11603
51803
80325
81030
105356
103572
51399
83170
1290
4486
113191
36347
112770
52905
63989
82297
106409
93469
64085
63553
65650
74932
29498
83595
115553
47273
105192
84827
50449
38406
31457
61664
55413
109673
92317
97343
16537
19879
90869
20982
94842
34724
27412
107339
4568
72640
23051
102782
1438
81879
53944
47172
90906
57222
3946
102016
42845
90564
63366
73384
87204
117042
103736
11983
64305
45058
38616
81587
39919
76019
52012
31940
12895
14397
23213
26394
92851
76325
89430
48870
59314
81730
35588
107519
6835
70015
106644
66498
54968
346
45290
108095
64503
110428
109442
2273
14600
80161
7308
104667
37478
63843
16769
24802
109375
40449
95049
25781
28872
24883
2929
59920
21443
58382
78812
88086
106231
48952
51929
8734
50926
55988
112401
85799
100034
13411
21379
74981
91751
89476
49075
66883
66264
39662
9494
94992
92705
36160
89886
45896
95738
91442
9400
74612
99138
30376
68946
105504
105378
112057
64553
58084
32871
86047
7273
66222
8
117613
84027
67785
90044
63551
50805
110436
5712
6191
114200
70536
64651
66955
74005
46735
67917
67984
54250
109900
67443
110358
72151
79649
77094
11693
49112
86588
25606
43352
105204
100903
98333
98026
103949
30344
109500
77618
55283
101948
48311
94056
87349
117098
41031
38619
31363
77325
107225
921
45980
76291
45995
80850
85836
115894
60500
75479
61300
56421
93885
107957
73609
106428
64234
112426
63680
53159
95543
13884
74272
108912
95244
61232
82090
107587
113184
64844
48163
52433
53342
2215
70608
50448
74343
46966
64931
57898
106204
8592
91955
98828
17015
6405
26744
71261
12046
17751
42906
66467
4387
116344
109786
35833
32489
60317
10631
110171
50243
7199
31560
26247
107070
105451
85845
112
24389
60454
40294
46671
53628
41060
46073
54169
9622
51078
88972
11154
24141
112908
18931
112405
104404
34105
67987
29506
45139
66042
35846
35470
91034
52779
78352
112495
47226
6001
16998
66829
71075
24639
102929
15510
38931
113352
31719
108259
88723
12167
9049
55159
91345
60706
25164
14328
34977
106074
21867
84136
59542
59378
53093
56362
74746
64880
38334
67963
109581
107711
57773
112145
58532
91626
70855
54015
11788
88365
3605
73028
1203
61124
4079
49163
21238
54267
852
90461
98435
75844
106963
35045
48493
40039
53482
67018
90979
50165
65675
97543
68348
104434
21487
106543
37365
20478
51287
66654
68756
79048
11280
43091
22271
39306
47389
35096
116779
40283
54328
96198
37452
113799
75946
60811
106794
18134
33498
71802
45480
108219
23795
102972
23649
12417
75781
70548
55473
64028
4201
111708
83941
113588
6283
38670
32715
50207
27185
54863
89827
64206
66252
93224
49728
1148
56210
63409
33818
87815
88624
20528
76149
19730
49716
58511
25206
82721
104982
66627
112208
69391
13184
56777
54882
21284
70384
4248
16677
69526
105324
6
68255
55783
106848
32336
111739
61002
3775
103954
63833
72191
21953
64649
96813
60591
17267
39665
78833
28646
42078
94601
38767
17185
58206
32656
34222
61821
97693
42938
100593
80480
105182
95274
55360
52888
104500
113979
106249
39572
14168
18076
64417
9946
9410
7459
41574
4365
116561
86398
51996
76194
38735
15032
105488
82428
60272
21308
43185
45637
106618
117559
68777
28489
88810
76612
13554
37828
104076
32324
64371
99992
89064
29868
5661
55823
6233
3015
69449
42898
58328
99518
109400
99950
86634
26637
38092
1551
70578
107916
63815
822
63822
86722
52028
42235
6217
29646
114475
42312
76311
60678
51406
114254
102957
65060
55057
29910
13498
54101
9598
64786
102011
68262
64244
36248
74409
107321
93127
107018
95769
97749
55760
12048
39326
96351
28996
22626
27292
18469
14123
112663
41325
99639
104477
111485
83274
106406
16485
46811
6121
64080
21983
56147
77290
24021
14651
109680
105672
65570
115592
95576
10431
86815
75312
21618
450
59247
4524
84541
78321
635
71964
49358
7279
52549
45598
16646
7349
60380
71869
18271
35025
72848
80861
12709
52595
102128
24711
49371
24557
21036
30594
59321
41642
27662
79715
42219
7415
88923
76923
87471
103287
13366
15870
71954
43274
60093
62686
116179
66692
27145
55619
50407
52856
12879
105766
39494
87563
55586
74703
96845
2666
8778
85955
41892
30000
66988
75548
87677
102629
97433
23281
29376
5025
111547
111803
107232
71991
112911
67493
107778
16973
4152
51026
44103
23776
82552
100291
50238
8565
12818
61413
13452
26223
104333
5049
114503
118123
100774
58401
105029
59125
29469
75231
47524
10168
84992
23497
37798
86016
66954
67882
42835
66526
62910
29583
106362
65291
39967
1787
103654
43494
117572
76934
3956
4065
5700
20877
108121
59828
82712
70222
84182
22063
92918
76814
14657
19165
40794
70678
20814
97174
71819
69824
110178
85602
63339
55044
113989
43644
33694
98105
98514
45612
71099
91140
62712
97962
54398
56960
65117
33639
34104
97276
114953
113343
9300
58980
46165
52741
25957
79969
35709
46703
93700
7456
46284
34115
82107
69223
8588
113119
37618
2313
3161
26282
70037
24240
19655
60589
107773
53133
30305
69614
1865
115402
58514
35697
41904
45824
10446
20896
11976
49052
87231
74360
58405
88694
104436
116519
112839
114688
2573
62523
83925
55507
102240
56489
90778
115860
9252
118097
36172
30457
77402
53043
20433
102080
98575
58479
44001
112612
35333
53918
101855
118271
25617
110867
9241
96100
116675
81815
74931
61178
108563
81328
15969
93248
90936
20323
116853
81145
14915
58058
61570
106897
27632
101282
27156
60531
56760
19877
91229
43596
85349
66508
57856
48315
84504
3280
26544
112234
82135
69597
113741
46
10954
56781
22504
84999
70580
116077
18358
99220
14439
73033
42276
43948
3493
61370
46625
37979
79524
114125
105659
101266
72960
759
32045
81250
46336
26431
77969
39907
27955
28675
19825
67343
62340
65195
17481
71756
65003
65955
12269
59869
53123
67672
103516
33306
104971
93244
88999
3360
98723
111360
35806
34201
13458
64556
9246
38717
49645
64619
38240
51235
45843
15272
69240
43903
5831
110686
65545
21605
25616
58489
18049
59847
56255
94145
24368
10715
97499
50389
55963
106356
16503
23961
8841
53356
110415
17320
41382
7708
60259
101372
77239
72311
115432
97024
59027
92517
108145
65280
45046
75971
35073
93776
95415
53441
102851
72114
40792
11043
98244
17409
115454
75880
102052
43142
76968
30775
107822
75780
39995
65946
56868
36992
47960
77810
9912
114748
65559
44295
46744
28771
16978
53717
47221
11560
67609
6507
14253
107122
65353
63781
45033
70846
21333
39173
105411
14874
28868
58656
56337
65397
53311
11076
45137
85391
110346
80833
86258
65854
77460
55672
59108
102346
60305
29889
33419
4624
72333
70027
75826
70333
12885
43835
40177
64152
116749
81979
15924
93320
71776
6972
89339
81009
114921
26146
45402
19302
41426
23412
74848
58269
17952
105592
15900
96089
118029
95873
43954
59388
21253
7721
29316
65006
9466
75065
49816
23453
28417
93295
46042
51038
68850
60379
53497
25768
55661
7001
98213
24834
33159
46098
15110
48201
32948
93333
104172
93718
64962
21258
16376
53269
41418
10197
118027
5769
3352
44367
44717
59652
58724
85360
51687
82354
42856
41087
56199
70426
17364
48437
86298
40234
16207
89962
41423
99046
110602
17310
29486
69752
3428
48688
113695
104128
52223
98739
59419
86235
83874
46509
69389
5326
114580
29151
19227
69514
61
15907
73321
116728
61390
97192
52877
106804
115108
109780
77748
115547
116388
31338
47926
62635
64780
66989
111767
18713
89467
113765
64232
113670
67240
95656
78459
59297
11817
9784
18987
76982
79488
8804
24637
96065
94614
101778
38144
65661
112689
37419
67044
6082
32257
72117
34328
66340
32775
37388
97891
55278
111148
62859
21053
110740
71679
86744
84002
109580
111977
54419
14893
8411
9920
96950
52457
32140
103565
87086
34944
3279
63845
11474
44490
78931
62248
64983
7808
103551
112652
62175
1031
22408
41359
559
42910
95164
14370
4444
59023
117459
29923
5667
21417
88393
28596
56578
66885
20006
111301
38784
49148
23307
50559
53404
116021
80021
94993
23860
15875
9304
84923
66074
41766
42365
71018
110031
69093
24841
107522
35108
95692
58289
23322
2973
116379
89105
44918
69971
24467
91109
22431
67092
94308
50447
63101
64212
66047
111958
40848
90745
111063
81019
96953
97476
1191
8587
101818
80093
105855
17938
100954
101366
107928
6560
60619
95928
56522
88
47409
42011
23817
37914
45509
114320
45664
8220
44263
114347
117460
83791
56205
49586
24318
36532
5965
80317
16146
112585
107305
36723
40793
13938
114207
4665
23615
53376
10907
42162
30579
53547
97051
90293
106407
27080
16898
115953
88610
95975
87822
91132
103291
64306
64920
47496
64397
30554
41967
9260
15368
32320
85312
43438
43032
66610
24453
99362
72014
76160
50259
111462
114932
41277
51233
114010
65485
57735
109610
96
17374
72766
114289
77059
109330
106917
6039
10718
6786
10366
71108
64782
25265
99932
116742
92233
1849
5713
81881
10347
59834
76041
35008
39796
89656
41036
11653
11298
42519
115331
45414
116101
35322
18018
56796
105801
74982
32548
49868
103054
99293
91385
112750
92589
78416
6511
104174
19076
49745
3903
102546
50636
24616
78234
48777
15206
20699
36787
65985
115806
8522
48802
115969
99681
39891
22267
12433
5171
68126
13342
26261
76114
5774
2480
104346
61410
66175
68279
101102
4382
44154
112957
37301
50218
115366
103128
75060
34361
21116
21464
34668
35706
90194
7217
35120
41953
107830
14794
30793
107649
108567
101763
58099
64048
113510
33756
86829
54371
21547
88899
60256
52351
88644
9652
7294
79999
52610
18790
54049
20154
4072
13410
17411
62487
67408
83954
63691
21227
56969
108408
34580
43554
70400
210
113784
2747
9332
77679
116650
76075
33514
108924
30736
34559
48746
112141
74899
89449
96111
10793
56779
56144
93526
100468
117349
5607
80722
54593
34845
34758
5735
6848
71210
112915
83995
26949
78554
50212
98452
87460
104987
41412
111515
105562
101880
98077
44061
10944
50204
15643
60873
54952
112791
92769
108915
15944
88131
16327
107607
21484
23807
104650
61532
84691
65147
14229
2310
56143
110016
43685
60578
18789
110405
102077
3418
33537
38287
65034
48503
10422
105368
66205
1224
106333
108756
45373
15527
114236
111983
44922
106809
67383
64799
42050
70538
54339
114757
61130
98981
114417
19757
9777
82288
58422
109848
109926
65838
87836
40316
52710
28396
26920
107331
1318
90594
96132
41113
33324
9149
82644
46707
47154
61658
108976
55290
92420
74255
25029
76727
46599
19912
10963
107125
59055
19601
44072
12517
7999
37901
116820
27414
66439
54261
92445
88344
8816
50938
79656
67929
31878
83114
79361
80331
32961
63574
95186
43363
34978
34830
103833
11354
70600
33240
5833
78661
113136
98815
113532
113052
88033
27361
52668
60784
19147
7825
17442
65005
86012
2142
76821
88342
11524
43505
35274
26300
99335
91773
29690
34310
111052
115883
68809
94784
60267
69570
103102
10989
90128
38571
112984
85850
43234
61406
107059
42356
82964
103678
91922
70344
43570
95165
50635
46162
13384
69884
104451
90999
36749
21164
20029
32958
65817
114831
24059
85908
10440
20894
6639
59762
93820
59054
30573
58985
11111
5977
67033
52649
3801
57695
45542
17706
116285
112239
27229
19617
50815
91792
90574
10987
7919
55755
45247
20899
99648
102530
48693
999
68267
44624
7935
54294
45175
42762
48805
117306
84576
58388
1566
83052
49701
25843
22396
77054
108701
47717
48548
44955
96292
112075
118305
20763
88255
102350
53139
91257
67172
55872
42814
74905
57058
88954
14025
43584
71516
28643
72208
63132
87854
56004
52067
60633
49573
94666
58540
65206
69347
79889
106546
91128
65808
98427
77210
38938
105251
89144
62043
10208
2458
91673
113694
58519
111946
93309
99072
27087
37269
42165
112235
59015
57040
115429
29723
23040
23563
59145
98085
85490
72125
88565
56322
56563
68170
95241
63116
79756
70545
100412
13339
83688
94154
59416
78924
12205
96901
93521
7677
43895
108837
106968
60274
76867
35003
68191
2919
72071
69038
27566
7290
1400
16853
6131
67001
110952
44713
103649
6253
116986
81350
13502
13492
67884
80337
104838
49241
10912
105885
58942
59926
57366
86674
87457
17414
61875
92567
73758
42601
52629
51213
20211
96933
26942
39478
87291
25929
9478
111806
55740
35081
58421
52478
74718
13785
35749
32921
42177
8275
111924
30469
62825
75809
47528
102590
93161
77698
14864
89966
94698
49846
62592
26469
115947
109807
76668
28139
114165
23437
24515
25710
96792
17501
82333
809
83698
10393
70221
18455
88057
97639
67419
413
74460
8163
75297
80476
85622
33773
40395
36926
47885
81734
1121
81803
42661
110599
104606
38295
61769
33400
84476
93432
66998
10414
17184
106981
93037
22893
72907
3477
56702
104372
106800
53724
27604
48672
34266
26596
58796
6539
67377
25714
71891
114450
46298
45933
17371
99205
67382
36976
70366
37361
64064
113026
108869
26985
56854
47046
43372
33935
72210
115998
47247
61303
108241
89020
25401
22787
39940
96101
89858
73589
897
36429
92167
56572
62703
53038
20222
1847
68072
4185
46471
5887
76309
113167
47784
59078
12641
20934
78574
73686
6017
57493
96500
90865
76635
113159
81763
75696
55137
38731
7234
74052
103126
104059
58897
85115
71838
104276
112748
56330
6455
875
76147
21452
105761
24278
69641
91248
104538
102269
67447
49662
89045
15563
40174
32660
15590
43961
27323
77630
34065
64761
39459
63530
96428
49189
7372
41744
23432
77323
97609
112567
35185
113374
39167
108725
55743
3785
82933
45284
36546
52153
91159
41220
64231
62918
113481
87767
65324
40465
88518
21278
77308
35522
91603
49000
50176
114427
25553
104819
83816
63981
77326
48946
69650
35044
71107
14445
96121
42485
98879
44873
12332
71072
9132
67998
16245
42334
9870
13714
112559
56439
79824
42697
63778
79809
24808
91587
106696
506
117351
48341
67093
52594
51973
104521
46271
107377
691
99708
57385
75620
80961
7918
103675
38134
69303
44860
61519
78775
66442
1000
23498
32233
17373
46170
61907
103944
93361
41443
99774
71021
49160
114576
21970
116939
106861
4868
7885
50230
110578
14966
24474
57126
60350
38992
2391
101162
21180
43137
69351
108382
53170
62943
85909
99271
21226
86166
70453
80924
42885
26779
72213
4749
107692
39340
105479
113408
40084
77952
69921
85475
117071
91755
113912
20042
93324
87445
56142
25918
36156
97899
27833
118134
17491
108133
76810
117021
102204
1675
60868
57732
113345
104376
5296
58140
86830
64262
10375
83618
36986
55592
112688
115408
115582
58322
52045
72170
103571
60848
67113
64418
72783
2945
82696
11857
83462
51804
42348
12087
81878
36265
7772
10687
58239
61905
56583
116405
68193
52374
20753
58838
4960
56944
114823
11293
114269
112242
74278
102287
79659
1450
107841
64469
919
3559
65454
37182
72604
85157
117339
116901
104406
98504
83337
24843
60690
114114
64437
59994
59300
102320
42546
19913
16514
77522
63262
92520
33755
36901
110723
12163
59794
106505
102723
19010
72315
53822
41236
24840
114737
60649
70565
74017
99177
67582
118197
112467
58865
76452
41847
62335
42220
5054
60686
14268
37406
57051
101307
45421
96350
22837
50281
21271
68859
51125
93479
12930
3288
69238
23750
22189
74950
35238
82504
52438
7955
30069
101943
67081
36822
34409
60831
84020
102375
18917
65951
10404
102237
7359
62674
102277
109124
23486
103545
92519
103408
28964
39787
55605
42305
63494
13543
49665
5078
79581
14746
107939
54703
77718
53320
17241
25031
36077
92689
4012
85723
116878
62402
34353
101262
43213
93190
14437
19036
10753
59819
98233
3587
71980
13361
113818
53955
11331
51710
5929
87669
10341
64657
55791
85810
108694
78466
117556
70084
79953
36446
86701
72993
79190
34285
72775
38081
3531
79068
20630
23127
43667
4336
66373
79952
59143
38445
39684
98589
80183
53445
67039
37695
87742
84240
36892
38345
111801
20781
100242
116834
38096
109413
113399
86709
71914
28854
43361
72387
106043
71017
4220
840
68380
56803
68036
82851
1055
32955
40531
63891
65749
101618
61968
60742
73114
2744
2899
47965
88166
35720
4815
12119
11186
102360
98522
38459
23639
50892
112101
45988
112747
83949
52792
29634
61940
19450
6589
17725
21798
105303
100966
7017
102374
108598
41454
24579
72167
98192
101673
93552
56129
67848
102101
66675
66110
70159
2438
80228
27971
89892
108212
60370
103945
3834
3479
73772
68450
82030
62498
49161
106170
153
78760
46290
94194
102521
19410
102829
2152
102393
51046
91295
62939
108065
10920
66661
74713
70353
102401
82065
47098
59299
55705
57137
48893
56614
113336
102381
705
34126
17671
9857
39174
44818
48895
38580
86540
62450
12016
97421
53594
77104
43624
59296
87892
56789
36186
77619
70026
23596
69411
64557
59634
117212
21380
52765
107650
65995
21940
24225
86938
109466
68092
70188
73593
94231
104656
87577
5113
82385
3718
67614
99845
109842
8033
58661
58065
55628
38822
84044
64150
49531
72369
96523
65434
4771
56434
33010
80969
11182
62121
74856
57517
43321
11131
108671
81520
54027
51394
17436
64839
56224
56593
78616
19490
33556
58225
10483
43932
20577
11024
29408
100172
58290
118209
77084
52584
77696
60836
52547
110256
72508
896
12897
41984
18164
101302
20740
81603
46269
11177
86039
49130
76381
52399
104487
63372
18453
79871
41754
98197
44064
58718
4942
73643
58330
17888
16475
58672
62304
14974
8555
35091
76757
63484
7743
100476
73426
45461
20374
20368
54092
42538
36581
55676
63532
51175
27133
50937
12745
13288
63051
112485
42974
52057
60300
36494
78993
59310
54048
49793
19728
101862
86914
24738
72963
32769
7655
85199
66132
67799
38366
14987
82599
31945
109304
69222
56633
26082
87538
109654
15807
100445
20834
21070
100083
76374
82798
44856
70655
71676
111
62428
38375
11490
94271
79538
100411
72881
55680
53599
57406
12101
63481
52275
61490
28735
88992
77774
57951
93284
73765
61514
74224
12478
62455
27657
50440
41403
82014
18170
10397
73309
88227
52555
107971
20292
100963
78637
105290
81700
770
78955
110569
112049
89305
56052
38651
112680
105017
94151
51226
102502
20319
81433
72498
38175
93031
15664
4436
23468
85326
66409
59117
45522
87968
65327
92727
83755
5034
25221
12588
105866
1671
106685
57860
14307
62593
65878
106081
109857
84819
74542
118073
78742
105510
22148
95556
44406
83247
64569
28438
55498
47961
104299
36512
21042
101221
52673
91888
2685
61914
56047
96027
109073
96374
9296
53379
86876
41742
16732
12041
85495
46997
65301
12821
11350
83122
96124
48788
110698
62619
27792
61706
51626
2540
52085
12723
48088
14765
75139
54016
12155
98209
5230
73085
115551
68831
96946
94838
6409
68175
62249
62229
100834
76594
632
51864
49079
13754
107571
101554
94619
115380
100110
57535
69322
90397
94239
109849
48342
33260
28066
47581
1639
4692
62906
82000
73877
112288
80128
37255
22233
28150
16611
81
43918
18749
100279
78138
26849
4267
59833
101369
14118
11317
109544
108961
109858
14759
104289
106046
29650
107226
101623
64769
48223
91658
47590
2729
105964
55472
15874
93062
15191
112321
86357
31403
24606
19884
50694
109955
36078
69102
66711
85797
63620
54804
77807
111783
4605
2776
69467
76801
101077
61277
66085
1774
101988
20241
13106
113996
11778
7946
17886
115652
113044
102685
29814
38277
79499
82228
89911
86583
17827
34528
84452
62364
48298
72866
44799
955
110851
115098
68914
54969
36470
26368
109009
92690
26468
68392
50933
67210
7965
54492
116952
101899
67596
24584
107495
69064
110299
13995
100250
2131
66599
109070
45336
57868
64872
110327
81906
82172
116500
64214
117400
7981
24727
59270
56483
106643
88626
70359
88404
31941
117762
68378
55047
52228
71571
12970
55698
26823
105033
27928
94118
2856
79408
96019
58373
90174
20807
113036
44184
50384
20964
112918
54143
61500
12272
7613
14862
97076
39042
72570
83630
99964
391
46427
187
116576
25647
16290
83538
58510
20786
50330
11784
93354
64487
85000
64900
41333
33831
106632
75248
52563
16341
23884
69627
45595
14506
39721
78451
68841
27294
45957
32873
5016
60200
66193
118131
41790
45002
47305
56602
101475
37602
15899
76385
75073
109414
64224
57831
10678
65778
98288
23562
11506
86620
56829
55904
53248
62826
94556
102720
72201
115787
56019
93467
111268
83549
109646
51503
2364
51477
111330
30263
23395
85831
56446
39934
116655
26251
50702
64293
114756
94913
94764
53169
103904
91901
69534
64607
39088
13225
89062
35744
97833
101755
66594
72144
24430
117059
95168
4841
112725
348
52414
32405
25892
64374
101762
29980
22304
106750
53750
86218
69709
90355
18250
69520
13795
58443
68843
107477
82554
68099
114451
69924
99082
97551
72646
67335
74682
41261
97402
48473
16775
64183
42802
64787
110102
52108
55927
63875
61090
107713
43724
102641
112179
48593
52936
56975
3827
69031
61961
113262
70105
93367
114440
63548
37966
88689
113697
82693
70409
1079
79225
43290
18087
34548
41376
94023
73124
34625
96003
55718
59162
89156
49744
117099
100813
85464
27517
106642
55238
53530
87556
77725
57384
82042
32281
39911
83238
61714
12773
108543
55558
109594
50927
39323
22657
113287
72884
70256
88267
51808
43067
24799
42144
53099
110396
1910
30675
40418
38575
99116
84107
23793
3693
43527
22203
77888
30415
76730
107987
56825
92607
40710
89642
33488
1525
82066
63142
91095
31648
27068
22701
36875
1934
57662
64412
72652
52064
114739
79359
12890
64958
80419
84913
80035
70698
47886
89248
63614
103008
114585
17736
2004
536
22772
70445
117073
23794
58950
40770
24213
61141
80761
61505
91934
59285
8407
65892
71002
31708
89448
58203
58515
101507
21819
102611
64906
39755
91429
116386
8251
67902
71311
89128
48515
115937
37934
61078
40693
53277
47029
26656
98273
50503
50521
39271
111605
116848
49900
61742
54646
110161
4981
46843
8977
75117
102275
30462
99913
56905
10271
99785
100261
53914
21079
111481
8339
75835
9629
54843
99224
69792
83907
22588
50484
101139
60564
76343
44465
105991
85533
62798
59395
51331
100361
21949
23231
52626
13796
84847
79629
113712
522
63467
34018
97357
66192
53785
107624
86213
8084
105522
28733
15186
87908
64639
68357
88633
46325
54844
116384
74891
6660
37908
84815
59080
64407
55613
52382
91919
75630
60436
14611
47233
50837
86916
3771
97463
64838
10888
26254
40631
20713
51134
29185
9114
115371
18165
115292
47681
98334
40037
54818
58588
49462
60729
103881
21659
66653
1057
75370
100947
113957
31110
39924
7071
42208
15415
84468
70886
67650
97415
104670
101584
91659
77226
42104
38474
61297
40646
60129
83077
67595
99629
77122
117735
3170
93179
6155
96650
84506
22644
15126
30401
120132
105149
102338
36729
42922
5773
2954
55459
75385
73968
98098
4394
107039
39270
81911
23374
60904
10066
105386
102786
63255
63950
110712
113521
46410
58186
81059
48424
69566
64865
67883
55633
9944
104026
53475
114519
63857
67518
10815
49073
49167
42686
60373
116940
84183
52141
39103
23662
59478
82700
100584
55261
30667
113255
22124
83125
59606
22562
89254
76380
65989
102013
90343
100093
19266
48061
616
42617
68815
64698
71000
78592
103602
61009
81540
60297
72467
4764
59084
65220
40738
94779
78330
111900
5006
13306
71071
111409
107175
85636
43872
14323
33822
14478
74075
84132
46260
67879
8771
36671
75355
92818
2397
8865
9276
3495
64683
11094
39990
68213
111685
56490
103275
58295
50993
98922
64450
85987
51707
10629
7903
2146
56120
113240
49315
56398
41183
79610
83553
32477
38697
69509
67501
74235
89704
52686
46231
117335
31243
63023
56435
33827
80510
109199
103760
88479
62884
59680
36759
103847
26384
49687
7440
67808
59489
47312
99986
69054
47324
50405
117524
67789
59877
59824
60648
106787
79333
41130
18322
61022
87386
35661
14803
3460
10330
32286
51420
112415
39409
50373
29440
663
11915
115185
63031
4290
7284
30561
24171
64368
72479
53894
58555
109209
99461
52521
21688
52452
81177
67768
3596
109086
15673
55837
112605
54741
117546
30112
71135
6570
111713
1977
23636
79971
54768
3708
1430
21921
3256
78871
49583
10053
105189
48007
66122
56948
43100
116382
15062
64523
91073
91217
62950
85313
32170
112494
91395
35950
65302
69008
31143
56160
2802
44446
74550
52166
51471
16398
61210
31167
38832
39822
37204
97830
67036
91958
60138
82777
70474
116812
17158
107188
102544
97710
33058
63849
18058
93406
34675
69645
64794
58902
97236
70786
83258
112356
10826
36626
114847
36691
25623
92010
62467
110199
48954
75932
53553
10262
30426
72421
89186
20415
40571
100126
33551
53605
80332
62607
72043
83313
16504
54100
96440
93409
59961
63498
108467
9880
22686
47547
39157
116137
64694
43380
64756
117774
94439
65747
104432
28677
66734
86328
32194
61750
13495
70193
63334
10980
39771
11739
107266
110529
19300
118100
65375
111746
50597
34618
8795
53662
74156
87933
100594
13988
116936
58060
112561
73452
108497
80704
42599
23873
33026
57076
2892
80269
4707
2100
43427
66815
90546
92363
109891
40772
88154
57643
67106
58390
101150
70416
56040
62966
73128
80432
96286
26897
75856
104575
111339
107835
84151
8863
81230
45725
104765
36616
99402
28374
110783
117471
79967
51635
117197
108691
98170
110881
19504
59426
67716
6130
99139
7774
83643
85197
62777
63433
92984
78839
58903
55591
23044
28362
38782
108599
98844
61031
113769
83729
93603
73600
48134
371
74020
39574
45232
114917
83399
78638
86570
113801
60023
70341
64795
2161
101581
69206
6586
21654
47894
43824
46120
44862
117665
93940
51702
101271
16546
58300
492
84800
65469
101858
3229
66462
47505
39392
40782
5277
98993
108130
78716
106997
18480
21589
52685
71657
30804
80199
109772
115360
30240
57408
107069
93375
71644
32709
84857
46383
105650
42287
83192
67730
47643
36128
69743
76358
15012
78028
83547
106814
102417
85592
104154
89771
12034
55596
55193
39825
101566
116736
27724
8496
34972
77051
109381
10928
97146
101240
39175
7496
26358
29967
12534
85945
21411
80412
13600
53526
99919
88389
45162
66618
63881
1800
5928
17167
32173
97758
29193
1908
75840
116352
32504
7374
94981
111992
102533
19629
68503
17009
96205
115194
5448
2909
8691
40493
67410
93204
42768
109043
69340
24822
59381
7687
114844
85774
27887
95221
90462
26330
26754
31021
23065
101056
33772
31817
38179
3603
15751
67703
53199
30786
48734
59954
14161
102620
104856
51297
50564
109368
44784
97068
107148
106473
11637
93101
116298
70953
37495
71511
114759
110023
41926
74326
66846
8498
87013
101469
5480
69293
4892
16993
79281
66413
38888
51056
99825
75690
60378
44663
62736
22938
74303
113832
65052
72306
61810
88136
3429
93805
98679
25763
95309
87347
11938
11687
2247
66326
109454
59617
14844
106559
36225
6305
55102
98424
5544
116040
7659
58114
10082
79576
71475
107140
72044
52314
90693
103776
107115
55034
107591
20456
91926
60779
110219
92543
23578
111732
103480
45844
13151
78781
90664
91196
109967
81748
12446
9244
87837
111997
67587
58392
95299
111193
5158
60170
9504
71807
8576
69434
50054
84816
54641
35464
105898
1656
38002
54997
9180
3811
74642
80807
31277
76964
54871
108020
61522
25354
47035
70225
20049
110112
108342
69907
71321
40897
40766
80084
39553
60303
6380
25230
95267
35599
74903
103867
62965
33731
43479
4781
93590
17732
105317
71424
111884
106306
96607
39197
17186
84737
99676
27308
6323
39153
111270
19826
110028
55307
53327
65383
18202
50671
88110
43064
46023
33704
58501
8035
90191
102970
105179
90223
10403
34810
27549
15118
110279
11597
72200
54953
3684
96380
115031
12608
20077
26209
20028
102981
10648
59184
23317
63793
17794
52173
59030
49540
111555
106072
17221
6159
88877
65510
69345
61391
92975
8839
65574
91315
74663
65935
13899
10324
64922
66886
74678
23997
100818
81592
10649
68403
31755
27283
82880
97907
64816
111123
33909
63455
32671
29707
4810
61084
69807
77629
99542
104304
115744
87991
94147
109831
102682
39716
115919
108639
86871
52786
45661
26977
95256
6542
65018
80751
102131
314
55973
105580
106168
66593
73917
110229
56652
50654
70291
19694
2356
101893
34781
115856
14415
53449
6281
22040
84042
100459
22508
65458
65612
12193
77628
68377
98830
49520
40291
61296
8321
32786
61671
26542
109125
76418
10552
54291
66579
71143
10635
10363
67766
108978
96691
25894
75858
40330
59415
13613
12566
