n_side = 18, n_pix = 3888
n_accepted_pix = 2552 (65%)
accept if k / sigma_k > 2
¹	l			b			n	k		sigma_k
0	45,000000	87,400788	25	0,18	0,03
1	135,000000	87,400788	26	0,07	0,03
2	225,000000	87,400788	26	0,03	0,01
5	67,500000	84,800237	22	0,09	0,02
6	112,500000	84,800237	23	0,08	0,04
7	157,500000	84,800237	22	0,08	0,04
8	202,500000	84,800237	20	0,13	0,04
10	292,500000	84,800237	25	0,14	0,03
19	225,000000	82,197003	30	0,02	0,01
20	255,000000	82,197003	22	0,10	0,05
23	345,000000	82,197003	24	0,35	0,07
32	191,250000	79,589729	26	0,13	0,02
33	213,750000	79,589729	26	0,05	0,01
38	326,250000	79,589729	26	0,06	0,02
39	348,750000	79,589729	21	0,39	0,08
41	27,000000	76,977038	25	0,22	0,07
46	117,000000	76,977038	23	0,04	0,02
57	315,000000	76,977038	19	0,10	0,05
58	333,000000	76,977038	22	0,02	0,01
60	7,500000	74,357529	22	0,30	0,10
62	37,500000	74,357529	20	0,11	0,05
63	52,500000	74,357529	26	0,07	0,02
67	112,500000	74,357529	19	0,25	0,05
69	142,500000	74,357529	30	0,04	0,02
77	262,500000	74,357529	17	0,14	0,05
84	6,428571	71,729767	27	0,10	0,02
85	19,285714	71,729767	29	0,53	0,07
99	199,285714	71,729767	23	0,21	0,08
104	263,571429	71,729767	24	0,06	0,02
108	315,000000	71,729767	21	0,18	0,08
113	16,875000	69,092277	18	0,31	0,15
124	140,625000	69,092277	26	0,02	0,01
127	174,375000	69,092277	33	0,14	0,06
130	208,125000	69,092277	25	0,25	0,06
138	298,125000	69,092277	23	0,20	0,08
140	320,625000	69,092277	24	0,16	0,06
141	331,875000	69,092277	25	0,18	0,06
144	5,000000	66,443536	21	0,31	0,09
148	45,000000	66,443536	26	0,16	0,04
153	95,000000	66,443536	19	0,04	0,02
155	115,000000	66,443536	29	0,18	0,05
158	145,000000	66,443536	23	0,18	0,05
160	165,000000	66,443536	32	0,33	0,06
163	195,000000	66,443536	20	0,06	0,02
166	225,000000	66,443536	21	0,34	0,06
170	265,000000	66,443536	19	0,11	0,04
172	285,000000	66,443536	26	0,13	0,03
174	305,000000	66,443536	18	0,11	0,05
175	315,000000	66,443536	17	0,14	0,04
179	355,000000	66,443536	17	0,27	0,08
182	22,500000	63,781964	27	0,08	0,02
183	31,500000	63,781964	23	0,14	0,04
186	58,500000	63,781964	20	0,25	0,08
188	76,500000	63,781964	18	0,15	0,04
189	85,500000	63,781964	19	0,06	0,03
194	130,500000	63,781964	25	0,29	0,09
196	148,500000	63,781964	23	0,17	0,08
197	157,500000	63,781964	22	0,17	0,05
198	166,500000	63,781964	30	0,10	0,05
204	220,500000	63,781964	22	0,30	0,07
213	301,500000	63,781964	20	0,06	0,03
219	355,500000	63,781964	17	0,54	0,12
225	45,000000	61,105914	22	0,15	0,05
227	61,363636	61,105914	19	0,13	0,05
231	94,090909	61,105914	32	0,22	0,05
241	175,909091	61,105914	25	0,21	0,04
245	208,636364	61,105914	18	0,05	0,02
250	249,545455	61,105914	15	0,21	0,08
252	265,909091	61,105914	21	0,07	0,03
258	315,000000	61,105914	11	0,05	0,02
261	339,545455	61,105914	27	0,27	0,07
262	347,727273	61,105914	14	0,33	0,08
265	11,250000	58,413662	27	0,40	0,11
266	18,750000	58,413662	31	0,04	0,01
268	33,750000	58,413662	25	0,23	0,10
269	41,250000	58,413662	19	0,18	0,06
271	56,250000	58,413662	22	0,12	0,04
272	63,750000	58,413662	31	0,11	0,04
274	78,750000	58,413662	20	0,36	0,09
275	86,250000	58,413662	23	0,16	0,05
276	93,750000	58,413662	28	0,12	0,06
279	116,250000	58,413662	28	0,13	0,04
284	153,750000	58,413662	28	0,17	0,07
285	161,250000	58,413662	22	0,33	0,11
286	168,750000	58,413662	18	0,27	0,09
287	176,250000	58,413662	26	0,12	0,04
288	183,750000	58,413662	20	0,12	0,03
289	191,250000	58,413662	26	0,15	0,04
290	198,750000	58,413662	21	0,29	0,05
291	206,250000	58,413662	20	0,13	0,03
295	236,250000	58,413662	19	0,12	0,05
296	243,750000	58,413662	20	0,17	0,06
298	258,750000	58,413662	25	0,24	0,04
299	266,250000	58,413662	15	0,13	0,05
303	296,250000	58,413662	22	0,32	0,07
305	311,250000	58,413662	19	0,02	0,01
313	10,384615	55,703395	28	0,10	0,05
314	17,307692	55,703395	23	0,11	0,04
320	58,846154	55,703395	22	0,30	0,07
321	65,769231	55,703395	28	0,21	0,06
323	79,615385	55,703395	24	0,05	0,02
324	86,538462	55,703395	24	0,20	0,05
329	121,153846	55,703395	18	0,44	0,08
330	128,076923	55,703395	27	0,49	0,06
331	135,000000	55,703395	25	0,36	0,07
333	148,846154	55,703395	25	0,01	0,00
336	169,615385	55,703395	25	0,13	0,05
339	190,384615	55,703395	19	0,10	0,04
340	197,307692	55,703395	27	0,16	0,06
343	218,076923	55,703395	16	0,33	0,11
344	225,000000	55,703395	19	0,29	0,07
348	252,692308	55,703395	21	0,16	0,08
349	259,615385	55,703395	21	0,12	0,04
353	287,307692	55,703395	18	0,12	0,03
356	308,076923	55,703395	20	0,26	0,08
361	342,692308	55,703395	18	0,16	0,07
362	349,615385	55,703395	21	0,29	0,06
363	356,538462	55,703395	22	0,22	0,06
365	9,642857	52,973199	30	0,21	0,03
366	16,071429	52,973199	18	0,16	0,05
367	22,500000	52,973199	22	0,17	0,07
370	41,785714	52,973199	21	0,04	0,01
371	48,214286	52,973199	24	0,12	0,04
382	118,928571	52,973199	20	0,18	0,07
384	131,785714	52,973199	13	0,22	0,05
385	138,214286	52,973199	25	0,32	0,09
386	144,642857	52,973199	26	0,16	0,05
387	151,071429	52,973199	23	0,08	0,03
388	157,500000	52,973199	26	0,00	0,00
391	176,785714	52,973199	24	0,13	0,04
394	196,071429	52,973199	21	0,34	0,10
395	202,500000	52,973199	19	0,22	0,09
397	215,357143	52,973199	22	0,10	0,03
398	221,785714	52,973199	26	0,72	0,11
399	228,214286	52,973199	16	0,92	0,12
400	234,642857	52,973199	23	0,05	0,02
403	253,928571	52,973199	18	0,19	0,04
407	279,642857	52,973199	19	0,20	0,09
408	286,071429	52,973199	18	0,12	0,04
413	318,214286	52,973199	21	0,22	0,05
415	331,071429	52,973199	25	0,11	0,04
417	343,928571	52,973199	23	0,07	0,02
419	356,785714	52,973199	29	0,27	0,09
420	3,000000	50,221039	24	0,28	0,04
422	15,000000	50,221039	28	0,55	0,10
423	21,000000	50,221039	18	0,39	0,09
424	27,000000	50,221039	23	0,21	0,07
425	33,000000	50,221039	20	0,34	0,16
428	51,000000	50,221039	22	0,01	0,00
431	69,000000	50,221039	25	0,33	0,05
435	93,000000	50,221039	21	0,28	0,06
439	117,000000	50,221039	24	0,27	0,07
441	129,000000	50,221039	17	0,32	0,10
442	135,000000	50,221039	18	0,15	0,05
443	141,000000	50,221039	19	0,18	0,06
446	159,000000	50,221039	30	0,08	0,02
448	171,000000	50,221039	25	0,03	0,01
449	177,000000	50,221039	30	0,19	0,05
450	183,000000	50,221039	26	0,03	0,01
451	189,000000	50,221039	28	0,19	0,08
452	195,000000	50,221039	21	0,30	0,07
454	207,000000	50,221039	18	0,16	0,08
455	213,000000	50,221039	21	0,32	0,06
457	225,000000	50,221039	22	0,03	0,01
463	261,000000	50,221039	13	0,16	0,05
467	285,000000	50,221039	16	0,31	0,09
469	297,000000	50,221039	18	0,26	0,06
470	303,000000	50,221039	22	0,10	0,02
471	309,000000	50,221039	23	0,04	0,01
472	315,000000	50,221039	23	0,39	0,06
473	321,000000	50,221039	23	0,24	0,06
476	339,000000	50,221039	27	0,12	0,04
477	345,000000	50,221039	24	0,49	0,09
478	351,000000	50,221039	25	0,12	0,03
480	2,812500	47,444749	29	0,21	0,05
483	19,687500	47,444749	29	0,30	0,06
487	42,187500	47,444749	29	0,05	0,02
491	64,687500	47,444749	19	0,36	0,07
492	70,312500	47,444749	26	0,31	0,07
495	87,187500	47,444749	22	0,07	0,03
501	120,937500	47,444749	27	0,03	0,01
504	137,812500	47,444749	28	0,14	0,03
505	143,437500	47,444749	28	0,13	0,05
508	160,312500	47,444749	20	0,06	0,02
510	171,562500	47,444749	24	0,18	0,06
511	177,187500	47,444749	31	0,22	0,05
513	188,437500	47,444749	34	0,09	0,03
514	194,062500	47,444749	24	0,19	0,04
515	199,687500	47,444749	16	0,69	0,13
516	205,312500	47,444749	20	0,12	0,04
517	210,937500	47,444749	14	0,08	0,03
519	222,187500	47,444749	23	0,10	0,04
523	244,687500	47,444749	16	0,24	0,07
524	250,312500	47,444749	14	0,12	0,04
525	255,937500	47,444749	15	0,11	0,04
528	272,812500	47,444749	12	0,20	0,04
529	278,437500	47,444749	18	0,08	0,04
531	289,687500	47,444749	16	0,31	0,03
532	295,312500	47,444749	20	0,11	0,03
533	300,937500	47,444749	17	0,24	0,04
534	306,562500	47,444749	15	0,15	0,04
535	312,187500	47,444749	15	0,14	0,02
536	317,812500	47,444749	19	0,10	0,02
539	334,687500	47,444749	19	0,53	0,09
540	340,312500	47,444749	14	0,20	0,06
541	345,937500	47,444749	21	0,30	0,06
543	357,187500	47,444749	21	0,19	0,06
546	13,235294	44,642007	25	0,22	0,09
555	60,882353	44,642007	21	0,22	0,08
558	76,764706	44,642007	21	0,12	0,05
561	92,647059	44,642007	25	0,21	0,09
562	97,941176	44,642007	18	0,22	0,08
566	119,117647	44,642007	18	0,00	0,00
567	124,411765	44,642007	19	0,13	0,06
569	135,000000	44,642007	19	0,10	0,03
572	150,882353	44,642007	23	0,07	0,02
573	156,176471	44,642007	22	0,04	0,01
575	166,764706	44,642007	27	0,12	0,06
577	177,352941	44,642007	20	0,10	0,04
578	182,647059	44,642007	27	0,17	0,06
579	187,941176	44,642007	22	0,12	0,06
583	209,117647	44,642007	23	0,32	0,09
584	214,411765	44,642007	19	0,12	0,04
585	219,705882	44,642007	22	0,19	0,06
586	225,000000	44,642007	22	0,25	0,04
592	256,764706	44,642007	13	0,19	0,06
597	283,235294	44,642007	15	0,12	0,04
598	288,529412	44,642007	17	0,22	0,04
599	293,823529	44,642007	20	0,28	0,04
600	299,117647	44,642007	18	0,19	0,06
601	304,411765	44,642007	14	0,09	0,04
602	309,705882	44,642007	14	0,54	0,07
603	315,000000	44,642007	15	0,29	0,06
604	320,294118	44,642007	18	0,14	0,04
605	325,588235	44,642007	17	0,22	0,04
607	336,176471	44,642007	18	0,13	0,02
608	341,470588	44,642007	20	0,43	0,05
609	346,764706	44,642007	19	0,18	0,05
610	352,058824	44,642007	22	0,26	0,05
612	2,500000	41,810315	24	0,51	0,06
613	7,500000	41,810315	28	0,47	0,12
620	42,500000	41,810315	20	0,08	0,03
625	67,500000	41,810315	17	0,02	0,01
626	72,500000	41,810315	17	0,45	0,08
627	77,500000	41,810315	24	0,21	0,10
630	92,500000	41,810315	25	0,14	0,02
631	97,500000	41,810315	20	0,26	0,07
633	107,500000	41,810315	23	0,02	0,00
634	112,500000	41,810315	23	0,05	0,02
636	122,500000	41,810315	23	0,12	0,03
637	127,500000	41,810315	19	0,28	0,06
638	132,500000	41,810315	21	0,05	0,02
639	137,500000	41,810315	20	0,27	0,06
640	142,500000	41,810315	20	0,17	0,07
643	157,500000	41,810315	18	0,08	0,03
644	162,500000	41,810315	25	0,04	0,02
648	182,500000	41,810315	27	0,04	0,01
651	197,500000	41,810315	17	0,19	0,07
653	207,500000	41,810315	19	0,09	0,03
654	212,500000	41,810315	18	0,38	0,11
655	217,500000	41,810315	20	0,23	0,08
658	232,500000	41,810315	25	0,09	0,02
661	247,500000	41,810315	23	0,21	0,07
669	287,500000	41,810315	17	0,07	0,03
670	292,500000	41,810315	20	0,03	0,01
671	297,500000	41,810315	14	0,22	0,06
673	307,500000	41,810315	18	0,16	0,03
674	312,500000	41,810315	13	0,20	0,07
675	317,500000	41,810315	10	0,16	0,06
676	322,500000	41,810315	16	0,28	0,10
677	327,500000	41,810315	20	0,56	0,06
679	337,500000	41,810315	21	0,23	0,03
680	342,500000	41,810315	23	0,39	0,06
681	347,500000	41,810315	27	0,42	0,07
683	357,500000	41,810315	28	0,03	0,01
685	5,000000	39,022803	25	0,50	0,07
686	10,000000	39,022803	20	0,33	0,08
687	15,000000	39,022803	22	0,02	0,01
688	20,000000	39,022803	25	0,02	0,01
696	60,000000	39,022803	23	0,11	0,05
701	85,000000	39,022803	22	0,32	0,04
703	95,000000	39,022803	19	0,23	0,07
705	105,000000	39,022803	18	0,11	0,05
708	120,000000	39,022803	25	0,23	0,07
709	125,000000	39,022803	26	0,19	0,07
710	130,000000	39,022803	23	0,11	0,05
712	140,000000	39,022803	28	0,42	0,06
713	145,000000	39,022803	26	0,15	0,07
715	155,000000	39,022803	24	0,07	0,04
717	165,000000	39,022803	24	0,11	0,06
718	170,000000	39,022803	27	0,03	0,01
719	175,000000	39,022803	28	0,23	0,06
720	180,000000	39,022803	21	0,02	0,01
721	185,000000	39,022803	25	0,06	0,03
726	210,000000	39,022803	19	0,24	0,06
728	220,000000	39,022803	20	0,29	0,07
731	235,000000	39,022803	14	0,40	0,10
736	260,000000	39,022803	29	0,10	0,05
737	265,000000	39,022803	21	0,11	0,02
738	270,000000	39,022803	14	0,29	0,08
740	280,000000	39,022803	11	0,11	0,04
742	290,000000	39,022803	16	0,14	0,05
743	295,000000	39,022803	18	0,08	0,02
744	300,000000	39,022803	17	0,11	0,03
745	305,000000	39,022803	16	0,56	0,08
746	310,000000	39,022803	24	0,43	0,05
747	315,000000	39,022803	19	0,19	0,03
749	325,000000	39,022803	12	0,17	0,03
751	335,000000	39,022803	12	0,44	0,08
754	350,000000	39,022803	20	0,42	0,06
756	2,500000	36,341203	19	0,28	0,06
757	7,500000	36,341203	19	0,44	0,07
758	12,500000	36,341203	16	0,24	0,07
760	22,500000	36,341203	28	0,18	0,08
762	32,500000	36,341203	19	0,16	0,05
765	47,500000	36,341203	23	0,10	0,03
767	57,500000	36,341203	29	0,04	0,02
768	62,500000	36,341203	22	0,06	0,03
769	67,500000	36,341203	25	0,16	0,05
770	72,500000	36,341203	28	0,13	0,04
774	92,500000	36,341203	27	0,16	0,07
775	97,500000	36,341203	24	0,27	0,05
778	112,500000	36,341203	23	0,20	0,06
779	117,500000	36,341203	19	0,21	0,06
780	122,500000	36,341203	16	0,25	0,10
781	127,500000	36,341203	25	0,24	0,04
782	132,500000	36,341203	22	0,27	0,08
783	137,500000	36,341203	24	0,32	0,05
784	142,500000	36,341203	24	0,11	0,03
788	162,500000	36,341203	24	0,23	0,08
791	177,500000	36,341203	25	0,30	0,06
795	197,500000	36,341203	17	0,33	0,07
796	202,500000	36,341203	17	0,24	0,09
800	222,500000	36,341203	23	0,21	0,07
804	242,500000	36,341203	15	0,23	0,10
810	272,500000	36,341203	20	0,04	0,02
812	282,500000	36,341203	13	0,49	0,06
813	287,500000	36,341203	17	0,12	0,03
816	302,500000	36,341203	24	0,23	0,04
819	317,500000	36,341203	15	0,14	0,04
820	322,500000	36,341203	18	0,15	0,04
822	332,500000	36,341203	17	0,11	0,03
823	337,500000	36,341203	14	0,22	0,05
825	347,500000	36,341203	18	0,34	0,06
826	352,500000	36,341203	22	0,11	0,03
828	0,000000	33,748989	20	0,11	0,03
829	5,000000	33,748989	19	0,59	0,11
832	20,000000	33,748989	17	0,35	0,10
833	25,000000	33,748989	18	0,27	0,08
836	40,000000	33,748989	21	0,17	0,04
842	70,000000	33,748989	19	0,15	0,04
847	95,000000	33,748989	27	0,01	0,00
850	110,000000	33,748989	24	0,28	0,05
851	115,000000	33,748989	22	0,47	0,08
854	130,000000	33,748989	23	0,41	0,08
855	135,000000	33,748989	21	0,22	0,06
856	140,000000	33,748989	27	0,03	0,01
858	150,000000	33,748989	29	0,10	0,04
859	155,000000	33,748989	26	0,30	0,08
860	160,000000	33,748989	26	0,03	0,01
861	165,000000	33,748989	25	0,01	0,00
864	180,000000	33,748989	23	0,15	0,06
868	200,000000	33,748989	23	0,21	0,03
869	205,000000	33,748989	23	0,28	0,07
872	220,000000	33,748989	21	0,10	0,04
873	225,000000	33,748989	14	0,07	0,03
874	230,000000	33,748989	25	0,14	0,03
880	260,000000	33,748989	19	0,13	0,04
881	265,000000	33,748989	18	0,14	0,03
882	270,000000	33,748989	23	0,25	0,03
883	275,000000	33,748989	15	0,36	0,08
884	280,000000	33,748989	17	0,15	0,02
885	285,000000	33,748989	18	0,14	0,03
886	290,000000	33,748989	13	0,08	0,01
887	295,000000	33,748989	23	0,08	0,01
888	300,000000	33,748989	24	0,25	0,04
889	305,000000	33,748989	23	0,03	0,01
890	310,000000	33,748989	18	0,21	0,05
893	325,000000	33,748989	25	0,15	0,03
895	335,000000	33,748989	15	0,36	0,05
896	340,000000	33,748989	15	0,12	0,05
897	345,000000	33,748989	17	0,26	0,06
898	350,000000	33,748989	22	0,29	0,03
899	355,000000	33,748989	21	0,56	0,13
900	2,500000	31,232929	27	0,35	0,06
901	7,500000	31,232929	23	0,75	0,08
902	12,500000	31,232929	16	0,35	0,08
905	27,500000	31,232929	21	0,09	0,02
907	37,500000	31,232929	26	0,12	0,05
919	97,500000	31,232929	23	0,11	0,05
921	107,500000	31,232929	24	0,25	0,04
922	112,500000	31,232929	19	0,18	0,04
924	122,500000	31,232929	24	0,50	0,09
925	127,500000	31,232929	32	0,41	0,06
927	137,500000	31,232929	21	0,58	0,09
929	147,500000	31,232929	17	0,16	0,04
930	152,500000	31,232929	19	0,19	0,04
931	157,500000	31,232929	24	0,17	0,06
932	162,500000	31,232929	21	0,41	0,12
934	172,500000	31,232929	23	0,10	0,03
936	182,500000	31,232929	24	0,17	0,04
938	192,500000	31,232929	18	0,20	0,09
939	197,500000	31,232929	21	0,24	0,04
941	207,500000	31,232929	25	0,36	0,06
943	217,500000	31,232929	20	0,14	0,07
944	222,500000	31,232929	16	0,13	0,04
945	227,500000	31,232929	26	0,38	0,06
947	237,500000	31,232929	24	0,09	0,04
949	247,500000	31,232929	25	0,23	0,05
951	257,500000	31,232929	19	0,24	0,06
952	262,500000	31,232929	20	0,27	0,05
955	277,500000	31,232929	24	0,28	0,05
956	282,500000	31,232929	19	0,23	0,04
957	287,500000	31,232929	24	0,23	0,04
958	292,500000	31,232929	17	0,25	0,06
960	302,500000	31,232929	22	0,03	0,00
961	307,500000	31,232929	19	0,13	0,03
963	317,500000	31,232929	17	0,12	0,05
965	327,500000	31,232929	20	0,37	0,05
966	332,500000	31,232929	27	0,28	0,04
967	337,500000	31,232929	26	0,29	0,05
968	342,500000	31,232929	17	0,52	0,09
969	347,500000	31,232929	18	0,15	0,04
970	352,500000	31,232929	23	0,50	0,06
971	357,500000	31,232929	14	0,29	0,07
972	0,000000	28,782205	30	0,41	0,06
973	5,000000	28,782205	20	0,53	0,06
974	10,000000	28,782205	17	0,32	0,11
975	15,000000	28,782205	21	0,62	0,08
976	20,000000	28,782205	28	0,09	0,02
977	25,000000	28,782205	20	0,29	0,10
978	30,000000	28,782205	22	0,03	0,01
979	35,000000	28,782205	22	0,18	0,05
980	40,000000	28,782205	18	0,15	0,04
982	50,000000	28,782205	23	0,12	0,03
983	55,000000	28,782205	26	0,17	0,06
986	70,000000	28,782205	27	0,27	0,07
987	75,000000	28,782205	19	0,20	0,06
996	120,000000	28,782205	24	0,29	0,06
998	130,000000	28,782205	19	0,29	0,05
999	135,000000	28,782205	30	0,34	0,05
1000	140,000000	28,782205	29	0,07	0,03
1002	150,000000	28,782205	27	0,09	0,02
1010	190,000000	28,782205	21	0,39	0,09
1011	195,000000	28,782205	15	0,13	0,04
1012	200,000000	28,782205	19	0,27	0,09
1015	215,000000	28,782205	21	0,34	0,11
1016	220,000000	28,782205	17	0,07	0,03
1019	235,000000	28,782205	16	0,24	0,07
1021	245,000000	28,782205	16	0,07	0,03
1024	260,000000	28,782205	19	0,09	0,02
1025	265,000000	28,782205	25	0,12	0,03
1027	275,000000	28,782205	18	0,11	0,04
1028	280,000000	28,782205	23	0,10	0,03
1029	285,000000	28,782205	26	0,16	0,04
1030	290,000000	28,782205	22	0,16	0,03
1032	300,000000	28,782205	18	0,18	0,09
1033	305,000000	28,782205	26	0,25	0,05
1034	310,000000	28,782205	21	0,18	0,04
1035	315,000000	28,782205	28	0,05	0,01
1036	320,000000	28,782205	22	0,21	0,04
1037	325,000000	28,782205	23	0,22	0,06
1038	330,000000	28,782205	24	0,16	0,02
1039	335,000000	28,782205	21	0,38	0,05
1040	340,000000	28,782205	23	0,46	0,06
1041	345,000000	28,782205	21	0,53	0,13
1042	350,000000	28,782205	22	0,42	0,06
1043	355,000000	28,782205	25	0,69	0,08
1044	2,500000	26,387800	25	0,37	0,07
1045	7,500000	26,387800	14	0,39	0,12
1046	12,500000	26,387800	10	0,44	0,09
1047	17,500000	26,387800	24	0,38	0,07
1048	22,500000	26,387800	14	0,26	0,07
1051	37,500000	26,387800	27	0,02	0,01
1053	47,500000	26,387800	25	0,20	0,04
1054	52,500000	26,387800	26	0,16	0,07
1056	62,500000	26,387800	27	0,13	0,05
1057	67,500000	26,387800	19	0,12	0,04
1058	72,500000	26,387800	29	0,08	0,03
1059	77,500000	26,387800	29	0,01	0,00
1065	107,500000	26,387800	24	0,22	0,08
1066	112,500000	26,387800	30	0,12	0,04
1067	117,500000	26,387800	20	0,30	0,04
1068	122,500000	26,387800	24	0,43	0,09
1069	127,500000	26,387800	20	0,24	0,11
1070	132,500000	26,387800	25	0,31	0,06
1071	137,500000	26,387800	27	0,28	0,07
1072	142,500000	26,387800	30	0,09	0,02
1073	147,500000	26,387800	28	0,18	0,04
1074	152,500000	26,387800	23	0,14	0,05
1075	157,500000	26,387800	23	0,28	0,09
1080	182,500000	26,387800	30	0,06	0,02
1081	187,500000	26,387800	31	0,32	0,04
1082	192,500000	26,387800	22	0,21	0,05
1083	197,500000	26,387800	25	0,09	0,04
1085	207,500000	26,387800	20	0,30	0,06
1086	212,500000	26,387800	20	0,11	0,03
1087	217,500000	26,387800	22	0,23	0,03
1088	222,500000	26,387800	23	0,05	0,01
1090	232,500000	26,387800	27	0,19	0,05
1092	242,500000	26,387800	23	0,13	0,06
1093	247,500000	26,387800	15	0,25	0,06
1094	252,500000	26,387800	12	0,07	0,02
1098	272,500000	26,387800	20	0,09	0,02
1099	277,500000	26,387800	27	0,05	0,01
1100	282,500000	26,387800	17	0,04	0,02
1101	287,500000	26,387800	25	0,20	0,03
1102	292,500000	26,387800	15	0,12	0,05
1103	297,500000	26,387800	24	0,11	0,03
1104	302,500000	26,387800	20	0,10	0,03
1105	307,500000	26,387800	27	0,03	0,01
1106	312,500000	26,387800	23	0,16	0,03
1107	317,500000	26,387800	31	0,10	0,02
1108	322,500000	26,387800	26	0,14	0,02
1110	332,500000	26,387800	27	0,15	0,04
1111	337,500000	26,387800	20	0,48	0,05
1113	347,500000	26,387800	25	0,35	0,07
1115	357,500000	26,387800	24	0,82	0,06
1116	0,000000	24,042076	19	0,48	0,05
1117	5,000000	24,042076	25	1,22	0,11
1118	10,000000	24,042076	18	1,33	0,11
1119	15,000000	24,042076	18	1,22	0,13
1121	25,000000	24,042076	20	1,00	0,13
1122	30,000000	24,042076	27	0,18	0,06
1125	45,000000	24,042076	25	0,29	0,08
1131	75,000000	24,042076	21	0,37	0,07
1133	85,000000	24,042076	25	0,13	0,03
1137	105,000000	24,042076	21	0,20	0,05
1138	110,000000	24,042076	14	0,23	0,04
1139	115,000000	24,042076	23	0,31	0,05
1141	125,000000	24,042076	20	0,27	0,07
1143	135,000000	24,042076	32	0,05	0,02
1144	140,000000	24,042076	24	0,29	0,06
1145	145,000000	24,042076	22	0,12	0,03
1146	150,000000	24,042076	19	0,22	0,05
1149	165,000000	24,042076	27	0,12	0,04
1150	170,000000	24,042076	28	0,26	0,07
1151	175,000000	24,042076	27	0,07	0,02
1153	185,000000	24,042076	16	0,26	0,08
1155	195,000000	24,042076	14	0,25	0,07
1156	200,000000	24,042076	20	0,13	0,04
1157	205,000000	24,042076	24	0,13	0,05
1161	225,000000	24,042076	18	0,39	0,11
1163	235,000000	24,042076	21	0,34	0,04
1165	245,000000	24,042076	19	0,26	0,05
1168	260,000000	24,042076	17	0,14	0,03
1169	265,000000	24,042076	14	0,15	0,05
1172	280,000000	24,042076	22	0,29	0,05
1174	290,000000	24,042076	23	0,08	0,03
1175	295,000000	24,042076	25	0,17	0,05
1176	300,000000	24,042076	25	0,18	0,03
1179	315,000000	24,042076	31	0,17	0,03
1181	325,000000	24,042076	31	0,15	0,03
1182	330,000000	24,042076	29	0,15	0,04
1183	335,000000	24,042076	23	0,35	0,04
1184	340,000000	24,042076	22	0,16	0,03
1185	345,000000	24,042076	26	0,03	0,01
1186	350,000000	24,042076	25	0,77	0,08
1187	355,000000	24,042076	30	1,13	0,09
1188	2,500000	21,738461	19	1,38	0,16
1189	7,500000	21,738461	12	1,02	0,14
1190	12,500000	21,738461	14	0,37	0,10
1191	17,500000	21,738461	12	1,12	0,15
1192	22,500000	21,738461	23	0,54	0,08
1193	27,500000	21,738461	19	0,24	0,05
1194	32,500000	21,738461	24	0,19	0,05
1197	47,500000	21,738461	29	0,09	0,03
1210	112,500000	21,738461	24	0,23	0,05
1211	117,500000	21,738461	21	0,45	0,10
1212	122,500000	21,738461	25	0,19	0,06
1214	132,500000	21,738461	27	0,06	0,02
1215	137,500000	21,738461	26	0,23	0,05
1217	147,500000	21,738461	27	0,34	0,05
1218	152,500000	21,738461	23	0,07	0,02
1219	157,500000	21,738461	26	0,28	0,05
1220	162,500000	21,738461	22	0,17	0,04
1222	172,500000	21,738461	24	0,25	0,07
1224	182,500000	21,738461	28	0,04	0,01
1225	187,500000	21,738461	20	0,15	0,05
1227	197,500000	21,738461	27	0,33	0,07
1228	202,500000	21,738461	21	0,06	0,02
1229	207,500000	21,738461	34	0,08	0,02
1231	217,500000	21,738461	21	0,23	0,07
1233	227,500000	21,738461	20	0,17	0,05
1234	232,500000	21,738461	20	0,14	0,05
1237	247,500000	21,738461	15	0,15	0,02
1240	262,500000	21,738461	21	0,02	0,01
1241	267,500000	21,738461	24	0,17	0,04
1242	272,500000	21,738461	22	0,15	0,03
1243	277,500000	21,738461	29	0,12	0,04
1244	282,500000	21,738461	28	0,12	0,03
1248	302,500000	21,738461	26	0,06	0,01
1250	312,500000	21,738461	21	0,04	0,02
1251	317,500000	21,738461	23	0,14	0,04
1253	327,500000	21,738461	31	0,00	0,00
1255	337,500000	21,738461	26	0,61	0,07
1256	342,500000	21,738461	18	0,18	0,05
1258	352,500000	21,738461	32	0,86	0,09
1259	357,500000	21,738461	15	0,45	0,12
1260	0,000000	19,471221	22	1,00	0,11
1261	5,000000	19,471221	18	1,18	0,11
1262	10,000000	19,471221	18	1,12	0,16
1263	15,000000	19,471221	16	1,06	0,13
1264	20,000000	19,471221	18	0,40	0,09
1265	25,000000	19,471221	22	0,33	0,06
1266	30,000000	19,471221	20	0,23	0,06
1268	40,000000	19,471221	20	0,13	0,03
1270	50,000000	19,471221	29	0,43	0,07
1271	55,000000	19,471221	23	0,13	0,04
1273	65,000000	19,471221	21	0,01	0,00
1274	70,000000	19,471221	23	0,01	0,00
1275	75,000000	19,471221	25	0,31	0,06
1276	80,000000	19,471221	25	0,11	0,04
1280	100,000000	19,471221	24	0,46	0,08
1281	105,000000	19,471221	22	0,17	0,07
1282	110,000000	19,471221	23	0,25	0,09
1283	115,000000	19,471221	17	0,40	0,09
1285	125,000000	19,471221	23	0,18	0,05
1286	130,000000	19,471221	25	0,26	0,05
1288	140,000000	19,471221	27	0,21	0,03
1290	150,000000	19,471221	19	0,06	0,02
1291	155,000000	19,471221	28	0,15	0,05
1292	160,000000	19,471221	27	0,11	0,03
1294	170,000000	19,471221	23	0,27	0,05
1295	175,000000	19,471221	30	0,21	0,04
1297	185,000000	19,471221	27	0,33	0,08
1298	190,000000	19,471221	30	0,14	0,03
1300	200,000000	19,471221	25	0,10	0,02
1301	205,000000	19,471221	27	0,15	0,03
1303	215,000000	19,471221	18	0,09	0,02
1305	225,000000	19,471221	27	0,24	0,05
1306	230,000000	19,471221	22	0,14	0,06
1308	240,000000	19,471221	16	0,12	0,03
1309	245,000000	19,471221	20	0,25	0,04
1311	255,000000	19,471221	24	0,30	0,06
1312	260,000000	19,471221	21	0,07	0,02
1313	265,000000	19,471221	21	0,08	0,03
1314	270,000000	19,471221	22	0,05	0,02
1315	275,000000	19,471221	21	0,11	0,04
1316	280,000000	19,471221	22	0,31	0,04
1317	285,000000	19,471221	23	0,13	0,02
1320	300,000000	19,471221	30	0,15	0,04
1322	310,000000	19,471221	33	0,23	0,03
1324	320,000000	19,471221	39	0,16	0,02
1325	325,000000	19,471221	30	0,05	0,02
1327	335,000000	19,471221	19	0,52	0,06
1328	340,000000	19,471221	28	0,21	0,03
1329	345,000000	19,471221	31	0,08	0,02
1330	350,000000	19,471221	30	0,07	0,03
1331	355,000000	19,471221	27	0,68	0,12
1332	2,500000	17,235285	17	0,76	0,16
1333	7,500000	17,235285	22	0,77	0,09
1334	12,500000	17,235285	11	0,36	0,15
1335	17,500000	17,235285	15	1,16	0,08
1336	22,500000	17,235285	17	0,39	0,09
1337	27,500000	17,235285	27	0,38	0,06
1338	32,500000	17,235285	26	0,08	0,03
1339	37,500000	17,235285	25	0,10	0,04
1340	42,500000	17,235285	22	0,23	0,06
1341	47,500000	17,235285	25	0,23	0,05
1342	52,500000	17,235285	22	0,31	0,07
1343	57,500000	17,235285	27	0,07	0,02
1344	62,500000	17,235285	27	0,12	0,04
1345	67,500000	17,235285	26	0,12	0,04
1346	72,500000	17,235285	33	0,25	0,07
1348	82,500000	17,235285	31	0,02	0,01
1350	92,500000	17,235285	24	0,13	0,06
1351	97,500000	17,235285	23	0,48	0,08
1352	102,500000	17,235285	23	0,30	0,09
1354	112,500000	17,235285	19	0,31	0,12
1356	122,500000	17,235285	23	0,39	0,07
1357	127,500000	17,235285	23	0,46	0,05
1359	137,500000	17,235285	19	0,16	0,05
1360	142,500000	17,235285	22	0,53	0,07
1361	147,500000	17,235285	20	0,26	0,07
1362	152,500000	17,235285	25	0,22	0,07
1364	162,500000	17,235285	26	0,11	0,04
1365	167,500000	17,235285	21	0,06	0,03
1366	172,500000	17,235285	26	0,14	0,05
1368	182,500000	17,235285	31	0,13	0,04
1369	187,500000	17,235285	26	0,10	0,04
1370	192,500000	17,235285	21	0,10	0,02
1371	197,500000	17,235285	28	0,35	0,06
1372	202,500000	17,235285	21	0,13	0,03
1374	212,500000	17,235285	31	0,07	0,01
1377	227,500000	17,235285	25	0,01	0,01
1378	232,500000	17,235285	24	0,08	0,03
1379	237,500000	17,235285	21	0,03	0,01
1381	247,500000	17,235285	15	0,11	0,04
1382	252,500000	17,235285	18	0,22	0,03
1383	257,500000	17,235285	25	0,17	0,04
1384	262,500000	17,235285	23	0,17	0,04
1385	267,500000	17,235285	26	0,13	0,01
1386	272,500000	17,235285	21	0,14	0,03
1388	282,500000	17,235285	30	0,12	0,04
1390	292,500000	17,235285	24	0,24	0,04
1391	297,500000	17,235285	26	0,06	0,02
1392	302,500000	17,235285	25	0,04	0,01
1393	307,500000	17,235285	28	0,08	0,03
1394	312,500000	17,235285	29	0,09	0,03
1395	317,500000	17,235285	28	0,14	0,03
1396	322,500000	17,235285	32	0,13	0,04
1397	327,500000	17,235285	23	0,16	0,03
1398	332,500000	17,235285	31	0,26	0,04
1399	337,500000	17,235285	24	0,33	0,06
1400	342,500000	17,235285	30	0,01	0,00
1401	347,500000	17,235285	30	0,49	0,04
1402	352,500000	17,235285	21	1,58	0,19
1403	357,500000	17,235285	16	1,47	0,19
1404	0,000000	15,026114	18	0,46	0,06
1405	5,000000	15,026114	22	0,71	0,09
1406	10,000000	15,026114	20	0,26	0,07
1407	15,000000	15,026114	10	1,71	0,18
1408	20,000000	15,026114	15	0,53	0,12
1409	25,000000	15,026114	17	0,24	0,06
1410	30,000000	15,026114	30	0,23	0,05
1411	35,000000	15,026114	23	0,30	0,05
1416	60,000000	15,026114	26	0,19	0,05
1417	65,000000	15,026114	28	0,26	0,05
1418	70,000000	15,026114	32	0,09	0,05
1424	100,000000	15,026114	20	0,57	0,09
1425	105,000000	15,026114	25	0,46	0,13
1426	110,000000	15,026114	26	0,34	0,07
1427	115,000000	15,026114	27	0,04	0,01
1428	120,000000	15,026114	23	0,18	0,07
1429	125,000000	15,026114	21	0,04	0,01
1430	130,000000	15,026114	28	0,21	0,05
1431	135,000000	15,026114	24	0,45	0,06
1432	140,000000	15,026114	27	0,39	0,05
1433	145,000000	15,026114	23	0,15	0,03
1434	150,000000	15,026114	29	0,46	0,06
1435	155,000000	15,026114	20	0,10	0,05
1436	160,000000	15,026114	25	0,15	0,05
1437	165,000000	15,026114	22	0,08	0,02
1438	170,000000	15,026114	26	0,13	0,05
1439	175,000000	15,026114	33	0,09	0,02
1441	185,000000	15,026114	22	0,08	0,03
1443	195,000000	15,026114	18	0,16	0,07
1444	200,000000	15,026114	28	0,22	0,05
1445	205,000000	15,026114	18	0,09	0,04
1447	215,000000	15,026114	30	0,05	0,02
1450	230,000000	15,026114	22	0,20	0,03
1451	235,000000	15,026114	21	0,10	0,05
1452	240,000000	15,026114	20	0,19	0,03
1453	245,000000	15,026114	16	0,19	0,04
1454	250,000000	15,026114	21	0,11	0,02
1455	255,000000	15,026114	26	0,22	0,04
1456	260,000000	15,026114	24	0,07	0,02
1460	280,000000	15,026114	30	0,14	0,03
1462	290,000000	15,026114	34	0,23	0,03
1463	295,000000	15,026114	30	0,10	0,02
1464	300,000000	15,026114	40	0,16	0,05
1466	310,000000	15,026114	31	0,00	0,00
1468	320,000000	15,026114	40	0,03	0,01
1469	325,000000	15,026114	33	0,17	0,02
1471	335,000000	15,026114	30	0,05	0,02
1472	340,000000	15,026114	27	0,64	0,05
1473	345,000000	15,026114	25	0,14	0,02
1474	350,000000	15,026114	18	0,97	0,13
1475	355,000000	15,026114	15	0,54	0,07
1476	2,500000	12,839588	21	0,42	0,06
1477	7,500000	12,839588	26	0,83	0,08
1478	12,500000	12,839588	9	0,46	0,10
1479	17,500000	12,839588	17	1,03	0,09
1480	22,500000	12,839588	18	0,95	0,14
1481	27,500000	12,839588	21	0,07	0,03
1482	32,500000	12,839588	32	0,23	0,05
1483	37,500000	12,839588	22	0,17	0,04
1486	52,500000	12,839588	27	0,28	0,04
1489	67,500000	12,839588	27	0,15	0,04
1490	72,500000	12,839588	34	0,12	0,04
1491	77,500000	12,839588	26	0,13	0,06
1494	92,500000	12,839588	26	0,03	0,02
1495	97,500000	12,839588	26	0,21	0,03
1496	102,500000	12,839588	16	0,09	0,03
1497	107,500000	12,839588	26	0,27	0,07
1498	112,500000	12,839588	26	0,21	0,06
1499	117,500000	12,839588	29	0,27	0,05
1500	122,500000	12,839588	21	0,40	0,09
1501	127,500000	12,839588	23	0,69	0,09
1502	132,500000	12,839588	30	0,79	0,05
1503	137,500000	12,839588	29	0,30	0,06
1505	147,500000	12,839588	25	0,14	0,06
1506	152,500000	12,839588	26	0,48	0,05
1507	157,500000	12,839588	22	0,14	0,04
1508	162,500000	12,839588	25	0,23	0,04
1509	167,500000	12,839588	26	0,25	0,04
1510	172,500000	12,839588	23	0,23	0,03
1511	177,500000	12,839588	21	0,02	0,01
1512	182,500000	12,839588	33	0,23	0,03
1513	187,500000	12,839588	21	0,06	0,02
1516	202,500000	12,839588	25	0,13	0,06
1519	217,500000	12,839588	21	0,15	0,03
1523	237,500000	12,839588	26	0,12	0,02
1525	247,500000	12,839588	20	0,13	0,03
1526	252,500000	12,839588	25	0,24	0,02
1528	262,500000	12,839588	26	0,25	0,04
1529	267,500000	12,839588	25	0,21	0,04
1530	272,500000	12,839588	30	0,11	0,02
1532	282,500000	12,839588	33	0,11	0,02
1533	287,500000	12,839588	28	0,12	0,03
1535	297,500000	12,839588	43	0,08	0,02
1537	307,500000	12,839588	35	0,21	0,03
1538	312,500000	12,839588	41	0,16	0,02
1539	317,500000	12,839588	32	0,20	0,04
1541	327,500000	12,839588	26	0,23	0,03
1543	337,500000	12,839588	28	0,40	0,06
1544	342,500000	12,839588	23	0,38	0,05
1545	347,500000	12,839588	27	0,42	0,05
1547	357,500000	12,839588	23	0,91	0,13
1548	0,000000	10,671929	25	0,14	0,05
1549	5,000000	10,671929	20	0,18	0,04
1550	10,000000	10,671929	22	0,70	0,10
1551	15,000000	10,671929	18	1,45	0,19
1554	30,000000	10,671929	23	0,26	0,08
1555	35,000000	10,671929	20	0,33	0,07
1556	40,000000	10,671929	22	0,29	0,04
1557	45,000000	10,671929	20	0,28	0,09
1558	50,000000	10,671929	26	0,20	0,04
1559	55,000000	10,671929	25	0,15	0,02
1562	70,000000	10,671929	30	0,10	0,04
1563	75,000000	10,671929	31	0,06	0,02
1564	80,000000	10,671929	30	0,21	0,03
1566	90,000000	10,671929	30	0,13	0,03
1567	95,000000	10,671929	23	0,51	0,10
1568	100,000000	10,671929	28	0,26	0,06
1569	105,000000	10,671929	32	0,03	0,01
1570	110,000000	10,671929	32	0,30	0,04
1571	115,000000	10,671929	21	0,12	0,04
1572	120,000000	10,671929	20	0,26	0,04
1573	125,000000	10,671929	23	0,47	0,07
1574	130,000000	10,671929	30	0,27	0,03
1575	135,000000	10,671929	23	0,35	0,07
1576	140,000000	10,671929	25	0,72	0,08
1577	145,000000	10,671929	26	0,66	0,13
1578	150,000000	10,671929	24	0,40	0,07
1579	155,000000	10,671929	18	0,32	0,09
1580	160,000000	10,671929	32	0,34	0,05
1581	165,000000	10,671929	26	0,02	0,01
1582	170,000000	10,671929	28	0,31	0,05
1583	175,000000	10,671929	36	0,19	0,05
1585	185,000000	10,671929	29	0,30	0,07
1586	190,000000	10,671929	27	0,14	0,06
1587	195,000000	10,671929	25	0,02	0,00
1588	200,000000	10,671929	28	0,11	0,03
1591	215,000000	10,671929	29	0,09	0,04
1592	220,000000	10,671929	16	0,15	0,04
1593	225,000000	10,671929	20	0,09	0,04
1596	240,000000	10,671929	17	0,05	0,02
1597	245,000000	10,671929	14	0,12	0,03
1599	255,000000	10,671929	27	0,27	0,03
1601	265,000000	10,671929	35	0,09	0,02
1602	270,000000	10,671929	22	0,14	0,02
1605	285,000000	10,671929	33	0,05	0,01
1606	290,000000	10,671929	40	0,12	0,02
1607	295,000000	10,671929	51	0,03	0,01
1609	305,000000	10,671929	38	0,04	0,02
1610	310,000000	10,671929	39	0,04	0,01
1612	320,000000	10,671929	32	0,16	0,04
1613	325,000000	10,671929	32	0,21	0,03
1615	335,000000	10,671929	30	0,13	0,03
1616	340,000000	10,671929	29	0,24	0,12
1617	345,000000	10,671929	22	0,10	0,03
1618	350,000000	10,671929	27	0,40	0,06
1619	355,000000	10,671929	26	0,25	0,02
1620	2,500000	8,519624	21	0,56	0,09
1621	7,500000	8,519624	20	0,25	0,03
1622	12,500000	8,519624	11	0,71	0,12
1623	17,500000	8,519624	19	1,33	0,19
1624	22,500000	8,519624	18	0,99	0,18
1625	27,500000	8,519624	15	0,71	0,12
1628	42,500000	8,519624	31	0,17	0,04
1629	47,500000	8,519624	26	0,11	0,02
1630	52,500000	8,519624	25	0,06	0,02
1631	57,500000	8,519624	33	0,02	0,01
1634	72,500000	8,519624	36	0,05	0,01
1635	77,500000	8,519624	21	0,14	0,04
1636	82,500000	8,519624	27	0,08	0,02
1637	87,500000	8,519624	28	0,14	0,05
1638	92,500000	8,519624	34	0,18	0,02
1639	97,500000	8,519624	23	0,41	0,04
1640	102,500000	8,519624	35	0,33	0,03
1641	107,500000	8,519624	35	0,29	0,04
1642	112,500000	8,519624	19	0,34	0,04
1643	117,500000	8,519624	27	0,16	0,06
1644	122,500000	8,519624	25	0,26	0,03
1645	127,500000	8,519624	23	0,07	0,03
1646	132,500000	8,519624	26	0,41	0,04
1647	137,500000	8,519624	27	0,12	0,03
1648	142,500000	8,519624	25	0,49	0,07
1649	147,500000	8,519624	19	0,14	0,03
1651	157,500000	8,519624	24	0,19	0,06
1652	162,500000	8,519624	23	0,14	0,04
1653	167,500000	8,519624	24	0,10	0,02
1654	172,500000	8,519624	28	0,09	0,02
1655	177,500000	8,519624	25	0,19	0,05
1656	182,500000	8,519624	26	0,11	0,04
1662	212,500000	8,519624	19	0,07	0,03
1666	232,500000	8,519624	16	0,08	0,02
1667	237,500000	8,519624	16	0,08	0,03
1668	242,500000	8,519624	17	0,14	0,05
1669	247,500000	8,519624	18	0,10	0,03
1670	252,500000	8,519624	23	0,14	0,03
1673	267,500000	8,519624	27	0,06	0,02
1674	272,500000	8,519624	34	0,13	0,02
1675	277,500000	8,519624	22	0,10	0,02
1676	282,500000	8,519624	31	0,15	0,03
1677	287,500000	8,519624	33	0,11	0,03
1678	292,500000	8,519624	42	0,11	0,01
1679	297,500000	8,519624	32	0,05	0,01
1680	302,500000	8,519624	45	0,22	0,04
1681	307,500000	8,519624	41	0,20	0,02
1682	312,500000	8,519624	39	0,05	0,01
1683	317,500000	8,519624	40	0,17	0,03
1684	322,500000	8,519624	33	0,20	0,02
1686	332,500000	8,519624	32	0,08	0,02
1687	337,500000	8,519624	27	0,27	0,07
1688	342,500000	8,519624	20	0,57	0,09
1689	347,500000	8,519624	24	0,20	0,05
1690	352,500000	8,519624	36	0,24	0,05
1691	357,500000	8,519624	19	0,31	0,04
1693	5,000000	6,379370	16	0,19	0,07
1694	10,000000	6,379370	13	0,23	0,05
1695	15,000000	6,379370	11	0,65	0,06
1696	20,000000	6,379370	19	1,27	0,21
1697	25,000000	6,379370	23	0,95	0,09
1698	30,000000	6,379370	20	0,92	0,07
1699	35,000000	6,379370	31	0,00	0,00
1700	40,000000	6,379370	27	0,20	0,05
1701	45,000000	6,379370	24	0,12	0,03
1702	50,000000	6,379370	33	0,43	0,06
1703	55,000000	6,379370	34	0,05	0,01
1704	60,000000	6,379370	37	0,27	0,03
1705	65,000000	6,379370	26	0,17	0,04
1706	70,000000	6,379370	26	0,03	0,01
1707	75,000000	6,379370	37	0,04	0,01
1708	80,000000	6,379370	30	0,28	0,06
1709	85,000000	6,379370	34	0,21	0,04
1710	90,000000	6,379370	32	0,07	0,03
1711	95,000000	6,379370	30	0,42	0,05
1712	100,000000	6,379370	34	0,27	0,03
1713	105,000000	6,379370	40	0,24	0,04
1714	110,000000	6,379370	41	0,20	0,03
1715	115,000000	6,379370	22	0,69	0,08
1716	120,000000	6,379370	19	0,70	0,04
1717	125,000000	6,379370	31	0,21	0,04
1718	130,000000	6,379370	34	0,62	0,06
1719	135,000000	6,379370	26	0,44	0,10
1720	140,000000	6,379370	28	0,29	0,06
1721	145,000000	6,379370	21	0,33	0,05
1722	150,000000	6,379370	21	0,21	0,05
1723	155,000000	6,379370	28	0,23	0,08
1724	160,000000	6,379370	17	0,10	0,02
1725	165,000000	6,379370	21	0,07	0,03
1726	170,000000	6,379370	29	0,04	0,02
1727	175,000000	6,379370	21	0,18	0,04
1728	180,000000	6,379370	34	0,38	0,08
1729	185,000000	6,379370	26	0,15	0,05
1730	190,000000	6,379370	31	0,06	0,03
1732	200,000000	6,379370	19	0,03	0,01
1733	205,000000	6,379370	21	0,01	0,00
1734	210,000000	6,379370	24	0,00	0,00
1736	220,000000	6,379370	23	0,21	0,04
1737	225,000000	6,379370	26	0,25	0,05
1739	235,000000	6,379370	19	0,10	0,03
1740	240,000000	6,379370	22	0,15	0,02
1741	245,000000	6,379370	24	0,21	0,05
1743	255,000000	6,379370	33	0,12	0,03
1744	260,000000	6,379370	22	0,24	0,04
1745	265,000000	6,379370	29	0,05	0,01
1746	270,000000	6,379370	34	0,15	0,03
1747	275,000000	6,379370	35	0,21	0,02
1748	280,000000	6,379370	32	0,11	0,04
1749	285,000000	6,379370	35	0,11	0,02
1750	290,000000	6,379370	28	0,07	0,02
1751	295,000000	6,379370	40	0,11	0,02
1752	300,000000	6,379370	45	0,22	0,03
1753	305,000000	6,379370	47	0,14	0,02
1754	310,000000	6,379370	33	0,22	0,02
1755	315,000000	6,379370	38	0,09	0,01
1756	320,000000	6,379370	33	0,28	0,05
1757	325,000000	6,379370	36	0,21	0,03
1759	335,000000	6,379370	35	0,41	0,04
1760	340,000000	6,379370	26	1,34	0,12
1761	345,000000	6,379370	28	0,15	0,04
1762	350,000000	6,379370	22	0,75	0,09
1763	355,000000	6,379370	28	0,06	0,01
1764	2,500000	4,248023	16	0,83	0,16
1765	7,500000	4,248023	16	0,98	0,10
1766	12,500000	4,248023	13	0,51	0,04
1767	17,500000	4,248023	13	0,82	0,09
1768	22,500000	4,248023	15	1,54	0,20
1769	27,500000	4,248023	23	0,87	0,14
1770	32,500000	4,248023	24	0,46	0,07
1772	42,500000	4,248023	27	0,06	0,03
1773	47,500000	4,248023	31	0,11	0,03
1774	52,500000	4,248023	30	0,24	0,06
1775	57,500000	4,248023	32	0,05	0,02
1776	62,500000	4,248023	31	0,16	0,03
1777	67,500000	4,248023	40	0,18	0,02
1778	72,500000	4,248023	29	0,09	0,03
1779	77,500000	4,248023	37	0,00	0,00
1780	82,500000	4,248023	36	0,06	0,02
1781	87,500000	4,248023	28	0,39	0,06
1782	92,500000	4,248023	24	0,46	0,13
1783	97,500000	4,248023	43	0,49	0,06
1784	102,500000	4,248023	38	0,26	0,02
1785	107,500000	4,248023	35	0,51	0,05
1786	112,500000	4,248023	35	0,46	0,03
1787	117,500000	4,248023	22	0,34	0,06
1788	122,500000	4,248023	27	0,42	0,06
1789	127,500000	4,248023	28	0,19	0,05
1790	132,500000	4,248023	34	0,35	0,05
1791	137,500000	4,248023	31	0,41	0,03
1792	142,500000	4,248023	24	0,41	0,03
1793	147,500000	4,248023	23	0,15	0,03
1794	152,500000	4,248023	27	0,16	0,05
1796	162,500000	4,248023	20	0,38	0,05
1797	167,500000	4,248023	22	0,15	0,03
1798	172,500000	4,248023	28	0,66	0,06
1800	182,500000	4,248023	24	0,09	0,03
1801	187,500000	4,248023	23	0,24	0,07
1802	192,500000	4,248023	27	0,19	0,05
1803	197,500000	4,248023	20	0,21	0,05
1805	207,500000	4,248023	27	0,05	0,02
1806	212,500000	4,248023	25	0,08	0,03
1809	227,500000	4,248023	28	0,06	0,03
1811	237,500000	4,248023	23	0,19	0,03
1812	242,500000	4,248023	17	0,18	0,05
1813	247,500000	4,248023	22	0,06	0,03
1814	252,500000	4,248023	29	0,03	0,01
1815	257,500000	4,248023	32	0,15	0,04
1816	262,500000	4,248023	31	0,12	0,03
1817	267,500000	4,248023	38	0,13	0,02
1818	272,500000	4,248023	36	0,12	0,02
1819	277,500000	4,248023	38	0,01	0,01
1820	282,500000	4,248023	41	0,07	0,02
1821	287,500000	4,248023	36	0,01	0,00
1822	292,500000	4,248023	45	0,09	0,01
1823	297,500000	4,248023	47	0,06	0,01
1824	302,500000	4,248023	36	0,08	0,01
1825	307,500000	4,248023	37	0,26	0,03
1826	312,500000	4,248023	42	0,05	0,01
1827	317,500000	4,248023	38	0,22	0,03
1828	322,500000	4,248023	22	0,07	0,03
1829	327,500000	4,248023	34	0,17	0,04
1830	332,500000	4,248023	28	0,43	0,06
1831	337,500000	4,248023	30	0,69	0,07
1832	342,500000	4,248023	28	0,70	0,06
1833	347,500000	4,248023	25	0,06	0,03
1834	352,500000	4,248023	25	0,03	0,01
1835	357,500000	4,248023	29	0,08	0,01
1836	0,000000	2,122551	25	0,06	0,02
1837	5,000000	2,122551	22	0,87	0,09
1838	10,000000	2,122551	19	0,57	0,09
1839	15,000000	2,122551	13	0,24	0,08
1840	20,000000	2,122551	20	0,01	0,00
1841	25,000000	2,122551	18	0,86	0,22
1842	30,000000	2,122551	22	0,42	0,07
1843	35,000000	2,122551	22	0,44	0,07
1844	40,000000	2,122551	28	0,32	0,05
1845	45,000000	2,122551	23	0,26	0,04
1846	50,000000	2,122551	23	0,48	0,05
1847	55,000000	2,122551	34	0,07	0,02
1848	60,000000	2,122551	40	0,04	0,01
1850	70,000000	2,122551	31	0,06	0,02
1851	75,000000	2,122551	38	0,03	0,01
1852	80,000000	2,122551	36	0,49	0,08
1853	85,000000	2,122551	29	0,47	0,04
1854	90,000000	2,122551	25	0,15	0,03
1855	95,000000	2,122551	40	0,01	0,00
1856	100,000000	2,122551	32	0,31	0,04
1857	105,000000	2,122551	35	0,04	0,01
1858	110,000000	2,122551	37	0,50	0,05
1859	115,000000	2,122551	27	0,12	0,02
1860	120,000000	2,122551	27	0,54	0,05
1861	125,000000	2,122551	23	0,05	0,01
1862	130,000000	2,122551	37	0,38	0,04
1863	135,000000	2,122551	30	0,13	0,06
1864	140,000000	2,122551	32	0,29	0,05
1865	145,000000	2,122551	24	0,32	0,05
1866	150,000000	2,122551	24	0,76	0,09
1867	155,000000	2,122551	17	0,31	0,10
1868	160,000000	2,122551	22	0,18	0,03
1869	165,000000	2,122551	26	0,18	0,05
1870	170,000000	2,122551	29	0,05	0,02
1871	175,000000	2,122551	34	0,16	0,04
1872	180,000000	2,122551	20	0,15	0,03
1873	185,000000	2,122551	25	0,30	0,06
1875	195,000000	2,122551	28	0,10	0,03
1876	200,000000	2,122551	24	0,17	0,04
1877	205,000000	2,122551	23	0,12	0,03
1881	225,000000	2,122551	27	0,16	0,04
1882	230,000000	2,122551	22	0,27	0,04
1883	235,000000	2,122551	17	0,22	0,05
1884	240,000000	2,122551	27	0,03	0,01
1886	250,000000	2,122551	27	0,10	0,02
1887	255,000000	2,122551	26	0,16	0,02
1888	260,000000	2,122551	36	0,02	0,01
1889	265,000000	2,122551	29	0,24	0,03
1890	270,000000	2,122551	38	0,07	0,02
1891	275,000000	2,122551	46	0,01	0,00
1892	280,000000	2,122551	39	0,09	0,02
1893	285,000000	2,122551	41	0,00	0,00
1894	290,000000	2,122551	42	0,02	0,01
1895	295,000000	2,122551	41	0,21	0,02
1896	300,000000	2,122551	31	0,03	0,01
1897	305,000000	2,122551	45	0,13	0,01
1898	310,000000	2,122551	42	0,14	0,02
1899	315,000000	2,122551	25	0,38	0,06
1900	320,000000	2,122551	27	0,09	0,02
1901	325,000000	2,122551	20	0,53	0,06
1902	330,000000	2,122551	40	0,01	0,00
1903	335,000000	2,122551	38	0,09	0,02
1904	340,000000	2,122551	29	0,54	0,06
1905	345,000000	2,122551	24	0,28	0,04
1906	350,000000	2,122551	27	0,50	0,06
1907	355,000000	2,122551	27	0,51	0,05
1908	2,500000	0,000000	20	0,14	0,03
1909	7,500000	0,000000	20	0,03	0,01
1910	12,500000	0,000000	23	0,36	0,07
1912	22,500000	0,000000	15	1,03	0,11
1913	27,500000	0,000000	19	0,14	0,06
1914	32,500000	0,000000	26	0,31	0,06
1915	37,500000	0,000000	27	0,51	0,09
1916	42,500000	0,000000	30	0,04	0,01
1917	47,500000	0,000000	34	0,01	0,00
1918	52,500000	0,000000	31	0,27	0,03
1919	57,500000	0,000000	37	0,05	0,02
1920	62,500000	0,000000	30	0,12	0,03
1921	67,500000	0,000000	50	0,37	0,04
1922	72,500000	0,000000	36	0,28	0,04
1923	77,500000	0,000000	36	0,12	0,02
1924	82,500000	0,000000	30	0,35	0,06
1925	87,500000	0,000000	41	0,19	0,01
1926	92,500000	0,000000	36	0,20	0,03
1927	97,500000	0,000000	47	0,21	0,02
1928	102,500000	0,000000	38	0,34	0,04
1929	107,500000	0,000000	35	0,02	0,00
1930	112,500000	0,000000	38	0,32	0,03
1931	117,500000	0,000000	30	0,16	0,02
1932	122,500000	0,000000	35	0,21	0,04
1933	127,500000	0,000000	31	0,41	0,05
1934	132,500000	0,000000	29	0,23	0,04
1935	137,500000	0,000000	38	0,17	0,03
1936	142,500000	0,000000	25	0,50	0,05
1937	147,500000	0,000000	24	0,52	0,09
1938	152,500000	0,000000	26	0,43	0,05
1939	157,500000	0,000000	21	0,28	0,07
1940	162,500000	0,000000	24	0,36	0,05
1942	172,500000	0,000000	30	0,35	0,05
1943	177,500000	0,000000	25	0,00	0,00
1944	182,500000	0,000000	28	0,02	0,00
1948	202,500000	0,000000	27	0,21	0,03
1949	207,500000	0,000000	36	0,08	0,02
1953	227,500000	0,000000	27	0,15	0,03
1954	232,500000	0,000000	26	0,09	0,02
1955	237,500000	0,000000	23	0,21	0,04
1956	242,500000	0,000000	37	0,00	0,00
1957	247,500000	0,000000	30	0,08	0,04
1958	252,500000	0,000000	28	0,09	0,03
1959	257,500000	0,000000	24	0,16	0,02
1960	262,500000	0,000000	46	0,13	0,02
1961	267,500000	0,000000	32	0,08	0,04
1962	272,500000	0,000000	39	0,03	0,01
1963	277,500000	0,000000	40	0,06	0,02
1964	282,500000	0,000000	41	0,03	0,01
1965	287,500000	0,000000	48	0,04	0,01
1967	297,500000	0,000000	43	0,01	0,00
1968	302,500000	0,000000	24	0,47	0,05
1970	312,500000	0,000000	39	0,21	0,03
1971	317,500000	0,000000	31	0,39	0,04
1972	322,500000	0,000000	22	0,40	0,04
1973	327,500000	0,000000	30	0,14	0,04
1974	332,500000	0,000000	33	0,02	0,00
1975	337,500000	0,000000	38	0,05	0,02
1976	342,500000	0,000000	29	0,54	0,07
1977	347,500000	0,000000	29	0,38	0,04
1979	357,500000	0,000000	27	0,27	0,05
1980	0,000000	-2,122551	24	0,34	0,04
1981	5,000000	-2,122551	31	0,03	0,01
1982	10,000000	-2,122551	16	0,04	0,02
1983	15,000000	-2,122551	19	0,96	0,17
1984	20,000000	-2,122551	19	0,21	0,05
1985	25,000000	-2,122551	25	0,07	0,02
1986	30,000000	-2,122551	21	0,43	0,06
1987	35,000000	-2,122551	21	0,07	0,02
1988	40,000000	-2,122551	28	0,09	0,01
1989	45,000000	-2,122551	32	0,14	0,03
1991	55,000000	-2,122551	24	0,05	0,01
1992	60,000000	-2,122551	29	0,32	0,05
1993	65,000000	-2,122551	39	0,07	0,01
1995	75,000000	-2,122551	21	0,07	0,03
1996	80,000000	-2,122551	33	0,26	0,04
1997	85,000000	-2,122551	34	0,28	0,12
1998	90,000000	-2,122551	40	0,02	0,01
2001	105,000000	-2,122551	29	0,10	0,02
2002	110,000000	-2,122551	29	0,08	0,02
2003	115,000000	-2,122551	34	0,01	0,00
2004	120,000000	-2,122551	32	0,11	0,02
2005	125,000000	-2,122551	34	0,07	0,02
2006	130,000000	-2,122551	41	0,04	0,02
2007	135,000000	-2,122551	40	0,33	0,05
2008	140,000000	-2,122551	28	0,40	0,06
2009	145,000000	-2,122551	33	0,65	0,07
2010	150,000000	-2,122551	26	0,18	0,04
2011	155,000000	-2,122551	24	0,03	0,01
2012	160,000000	-2,122551	24	0,04	0,02
2014	170,000000	-2,122551	16	0,12	0,04
2015	175,000000	-2,122551	28	0,03	0,01
2016	180,000000	-2,122551	26	0,57	0,08
2017	185,000000	-2,122551	29	0,05	0,02
2019	195,000000	-2,122551	28	0,40	0,04
2022	210,000000	-2,122551	26	0,16	0,02
2023	215,000000	-2,122551	21	0,07	0,02
2025	225,000000	-2,122551	28	0,06	0,02
2027	235,000000	-2,122551	21	0,08	0,02
2029	245,000000	-2,122551	30	0,17	0,02
2030	250,000000	-2,122551	32	0,15	0,03
2031	255,000000	-2,122551	34	0,11	0,02
2032	260,000000	-2,122551	29	0,06	0,02
2033	265,000000	-2,122551	41	0,02	0,00
2034	270,000000	-2,122551	37	0,07	0,01
2035	275,000000	-2,122551	44	0,11	0,01
2037	285,000000	-2,122551	42	0,15	0,02
2038	290,000000	-2,122551	39	0,11	0,02
2039	295,000000	-2,122551	42	0,03	0,01
2040	300,000000	-2,122551	39	0,03	0,01
2041	305,000000	-2,122551	28	0,17	0,03
2042	310,000000	-2,122551	45	0,03	0,01
2043	315,000000	-2,122551	42	0,21	0,03
2044	320,000000	-2,122551	32	0,11	0,01
2046	330,000000	-2,122551	36	0,04	0,01
2047	335,000000	-2,122551	30	0,35	0,06
2048	340,000000	-2,122551	33	0,19	0,04
2050	350,000000	-2,122551	24	0,03	0,01
2051	355,000000	-2,122551	35	0,33	0,04
2052	2,500000	-4,248023	25	0,08	0,02
2053	7,500000	-4,248023	16	0,04	0,01
2054	12,500000	-4,248023	17	0,07	0,03
2055	17,500000	-4,248023	24	0,14	0,03
2056	22,500000	-4,248023	24	0,15	0,04
2057	27,500000	-4,248023	18	0,25	0,06
2058	32,500000	-4,248023	24	0,71	0,08
2059	37,500000	-4,248023	19	0,63	0,08
2060	42,500000	-4,248023	23	0,12	0,03
2062	52,500000	-4,248023	20	0,23	0,02
2063	57,500000	-4,248023	31	0,03	0,01
2064	62,500000	-4,248023	32	0,10	0,02
2065	67,500000	-4,248023	37	0,15	0,03
2067	77,500000	-4,248023	29	0,06	0,02
2068	82,500000	-4,248023	31	0,04	0,00
2069	87,500000	-4,248023	23	0,08	0,03
2070	92,500000	-4,248023	30	0,20	0,05
2071	97,500000	-4,248023	31	0,12	0,03
2072	102,500000	-4,248023	28	0,07	0,02
2073	107,500000	-4,248023	28	0,05	0,02
2075	117,500000	-4,248023	25	0,22	0,04
2076	122,500000	-4,248023	34	0,06	0,01
2078	132,500000	-4,248023	31	0,24	0,03
2079	137,500000	-4,248023	29	0,44	0,06
2080	142,500000	-4,248023	32	0,38	0,05
2081	147,500000	-4,248023	35	0,02	0,00
2082	152,500000	-4,248023	34	0,18	0,03
2084	162,500000	-4,248023	15	0,10	0,03
2085	167,500000	-4,248023	18	0,25	0,05
2086	172,500000	-4,248023	22	0,26	0,06
2087	177,500000	-4,248023	24	0,64	0,06
2088	182,500000	-4,248023	23	0,65	0,10
2089	187,500000	-4,248023	31	0,04	0,02
2090	192,500000	-4,248023	17	0,17	0,07
2092	202,500000	-4,248023	23	0,25	0,04
2093	207,500000	-4,248023	24	0,14	0,03
2095	217,500000	-4,248023	26	0,11	0,02
2096	222,500000	-4,248023	32	0,10	0,02
2099	237,500000	-4,248023	35	0,13	0,02
2100	242,500000	-4,248023	33	0,13	0,03
2101	247,500000	-4,248023	31	0,03	0,01
2102	252,500000	-4,248023	31	0,21	0,03
2103	257,500000	-4,248023	38	0,15	0,03
2104	262,500000	-4,248023	38	0,11	0,02
2105	267,500000	-4,248023	33	0,21	0,02
2106	272,500000	-4,248023	35	0,09	0,02
2107	277,500000	-4,248023	36	0,08	0,01
2108	282,500000	-4,248023	32	0,04	0,01
2109	287,500000	-4,248023	37	0,21	0,02
2110	292,500000	-4,248023	33	0,35	0,04
2111	297,500000	-4,248023	32	0,01	0,01
2112	302,500000	-4,248023	34	0,01	0,00
2113	307,500000	-4,248023	48	0,05	0,01
2114	312,500000	-4,248023	58	0,06	0,01
2115	317,500000	-4,248023	33	0,02	0,01
2116	322,500000	-4,248023	31	0,03	0,01
2117	327,500000	-4,248023	26	0,03	0,01
2118	332,500000	-4,248023	32	0,04	0,01
2119	337,500000	-4,248023	30	0,12	0,03
2120	342,500000	-4,248023	36	0,03	0,01
2121	347,500000	-4,248023	33	0,33	0,04
2122	352,500000	-4,248023	28	0,13	0,01
2123	357,500000	-4,248023	32	0,27	0,02
2124	0,000000	-6,379370	26	0,07	0,01
2125	5,000000	-6,379370	21	0,05	0,02
2126	10,000000	-6,379370	19	0,21	0,05
2127	15,000000	-6,379370	18	0,34	0,07
2128	20,000000	-6,379370	14	0,50	0,06
2129	25,000000	-6,379370	17	0,43	0,06
2130	30,000000	-6,379370	20	0,63	0,07
2131	35,000000	-6,379370	24	0,14	0,02
2132	40,000000	-6,379370	24	0,52	0,05
2133	45,000000	-6,379370	23	0,05	0,02
2134	50,000000	-6,379370	25	0,25	0,07
2136	60,000000	-6,379370	30	0,08	0,03
2138	70,000000	-6,379370	31	0,03	0,01
2139	75,000000	-6,379370	28	0,16	0,02
2140	80,000000	-6,379370	28	0,07	0,03
2143	95,000000	-6,379370	35	0,06	0,02
2144	100,000000	-6,379370	44	0,13	0,02
2145	105,000000	-6,379370	40	0,13	0,02
2146	110,000000	-6,379370	27	0,05	0,02
2147	115,000000	-6,379370	42	0,19	0,02
2148	120,000000	-6,379370	47	0,05	0,01
2149	125,000000	-6,379370	39	0,04	0,01
2151	135,000000	-6,379370	37	0,01	0,00
2152	140,000000	-6,379370	34	0,04	0,01
2153	145,000000	-6,379370	51	0,34	0,04
2154	150,000000	-6,379370	40	0,26	0,04
2155	155,000000	-6,379370	23	0,12	0,02
2156	160,000000	-6,379370	22	0,29	0,04
2157	165,000000	-6,379370	24	0,22	0,06
2158	170,000000	-6,379370	20	0,84	0,12
2159	175,000000	-6,379370	32	0,57	0,08
2160	180,000000	-6,379370	20	0,51	0,07
2161	185,000000	-6,379370	24	0,15	0,02
2162	190,000000	-6,379370	21	0,10	0,04
2163	195,000000	-6,379370	33	0,10	0,02
2164	200,000000	-6,379370	23	0,05	0,02
2165	205,000000	-6,379370	26	0,23	0,05
2166	210,000000	-6,379370	31	0,09	0,03
2167	215,000000	-6,379370	32	0,31	0,05
2168	220,000000	-6,379370	22	0,25	0,07
2169	225,000000	-6,379370	27	0,32	0,05
2170	230,000000	-6,379370	20	0,06	0,02
2172	240,000000	-6,379370	37	0,04	0,01
2174	250,000000	-6,379370	27	0,13	0,02
2177	265,000000	-6,379370	42	0,00	0,00
2178	270,000000	-6,379370	33	0,23	0,04
2179	275,000000	-6,379370	38	0,09	0,01
2180	280,000000	-6,379370	40	0,24	0,03
2181	285,000000	-6,379370	44	0,17	0,02
2182	290,000000	-6,379370	34	0,03	0,01
2183	295,000000	-6,379370	30	0,32	0,03
2184	300,000000	-6,379370	40	0,27	0,04
2185	305,000000	-6,379370	39	0,03	0,01
2186	310,000000	-6,379370	31	0,31	0,06
2187	315,000000	-6,379370	30	0,26	0,03
2188	320,000000	-6,379370	26	0,12	0,02
2189	325,000000	-6,379370	28	0,38	0,04
2190	330,000000	-6,379370	24	0,16	0,02
2191	335,000000	-6,379370	27	0,36	0,03
2192	340,000000	-6,379370	38	0,15	0,02
2193	345,000000	-6,379370	33	0,06	0,02
2194	350,000000	-6,379370	35	0,33	0,04
2195	355,000000	-6,379370	37	0,20	0,03
2197	7,500000	-8,519624	22	0,07	0,02
2198	12,500000	-8,519624	20	0,48	0,04
2199	17,500000	-8,519624	20	0,68	0,08
2200	22,500000	-8,519624	14	0,33	0,07
2201	27,500000	-8,519624	18	0,40	0,05
2202	32,500000	-8,519624	18	0,20	0,07
2203	37,500000	-8,519624	22	0,34	0,05
2205	47,500000	-8,519624	26	0,28	0,04
2209	67,500000	-8,519624	34	0,07	0,03
2214	92,500000	-8,519624	35	0,24	0,05
2215	97,500000	-8,519624	34	0,19	0,02
2216	102,500000	-8,519624	36	0,07	0,02
2217	107,500000	-8,519624	37	0,13	0,03
2218	112,500000	-8,519624	46	0,08	0,02
2219	117,500000	-8,519624	32	0,22	0,03
2221	127,500000	-8,519624	30	0,14	0,03
2223	137,500000	-8,519624	33	0,17	0,03
2224	142,500000	-8,519624	47	0,30	0,05
2225	147,500000	-8,519624	33	0,21	0,04
2226	152,500000	-8,519624	32	0,05	0,02
2227	157,500000	-8,519624	24	0,15	0,07
2228	162,500000	-8,519624	21	0,11	0,03
2229	167,500000	-8,519624	17	0,98	0,12
2230	172,500000	-8,519624	27	0,10	0,04
2231	177,500000	-8,519624	19	0,61	0,18
2232	182,500000	-8,519624	27	0,45	0,08
2233	187,500000	-8,519624	25	0,19	0,05
2234	192,500000	-8,519624	23	0,59	0,08
2235	197,500000	-8,519624	23	0,37	0,09
2236	202,500000	-8,519624	22	0,19	0,04
2237	207,500000	-8,519624	30	0,04	0,01
2240	222,500000	-8,519624	23	0,22	0,05
2241	227,500000	-8,519624	26	0,36	0,04
2243	237,500000	-8,519624	37	0,11	0,02
2244	242,500000	-8,519624	37	0,07	0,01
2245	247,500000	-8,519624	28	0,11	0,02
2246	252,500000	-8,519624	41	0,23	0,03
2248	262,500000	-8,519624	52	0,08	0,01
2249	267,500000	-8,519624	40	0,24	0,03
2250	272,500000	-8,519624	35	0,29	0,03
2251	277,500000	-8,519624	43	0,18	0,02
2252	282,500000	-8,519624	38	0,08	0,01
2253	287,500000	-8,519624	35	0,09	0,01
2254	292,500000	-8,519624	29	0,27	0,03
2255	297,500000	-8,519624	25	0,48	0,05
2256	302,500000	-8,519624	32	0,15	0,02
2257	307,500000	-8,519624	23	0,13	0,03
2258	312,500000	-8,519624	37	0,01	0,00
2259	317,500000	-8,519624	33	0,13	0,02
2260	322,500000	-8,519624	31	0,01	0,01
2261	327,500000	-8,519624	26	0,28	0,03
2262	332,500000	-8,519624	25	0,22	0,03
2263	337,500000	-8,519624	32	0,25	0,03
2264	342,500000	-8,519624	31	0,14	0,02
2265	347,500000	-8,519624	38	0,01	0,00
2266	352,500000	-8,519624	37	0,03	0,02
2267	357,500000	-8,519624	33	0,05	0,01
2268	0,000000	-10,671929	27	0,08	0,01
2269	5,000000	-10,671929	28	0,31	0,04
2270	10,000000	-10,671929	17	0,06	0,01
2273	25,000000	-10,671929	12	0,73	0,13
2274	30,000000	-10,671929	14	0,71	0,14
2275	35,000000	-10,671929	16	0,11	0,05
2276	40,000000	-10,671929	17	0,21	0,05
2283	75,000000	-10,671929	32	0,13	0,03
2285	85,000000	-10,671929	23	0,10	0,02
2286	90,000000	-10,671929	31	0,14	0,03
2287	95,000000	-10,671929	27	0,09	0,03
2288	100,000000	-10,671929	40	0,06	0,02
2289	105,000000	-10,671929	44	0,00	0,00
2290	110,000000	-10,671929	40	0,03	0,00
2293	125,000000	-10,671929	42	0,30	0,03
2294	130,000000	-10,671929	34	0,12	0,02
2295	135,000000	-10,671929	24	0,03	0,01
2296	140,000000	-10,671929	34	0,09	0,03
2297	145,000000	-10,671929	31	0,26	0,05
2298	150,000000	-10,671929	31	0,26	0,05
2299	155,000000	-10,671929	26	0,31	0,07
2300	160,000000	-10,671929	27	0,05	0,02
2301	165,000000	-10,671929	20	0,64	0,14
2302	170,000000	-10,671929	19	0,45	0,11
2303	175,000000	-10,671929	25	1,28	0,17
2304	180,000000	-10,671929	24	0,65	0,08
2305	185,000000	-10,671929	26	0,67	0,12
2306	190,000000	-10,671929	30	0,33	0,05
2308	200,000000	-10,671929	25	0,09	0,02
2310	210,000000	-10,671929	25	0,19	0,03
2311	215,000000	-10,671929	26	0,13	0,05
2312	220,000000	-10,671929	24	0,17	0,06
2313	225,000000	-10,671929	22	0,19	0,03
2316	240,000000	-10,671929	28	0,11	0,02
2317	245,000000	-10,671929	26	0,05	0,01
2318	250,000000	-10,671929	36	0,29	0,04
2319	255,000000	-10,671929	31	0,18	0,03
2320	260,000000	-10,671929	39	0,10	0,02
2321	265,000000	-10,671929	37	0,06	0,02
2322	270,000000	-10,671929	28	0,22	0,05
2323	275,000000	-10,671929	33	0,20	0,02
2324	280,000000	-10,671929	34	0,37	0,04
2325	285,000000	-10,671929	36	0,27	0,03
2326	290,000000	-10,671929	35	0,07	0,01
2327	295,000000	-10,671929	36	0,44	0,04
2329	305,000000	-10,671929	25	0,17	0,02
2330	310,000000	-10,671929	28	0,27	0,05
2331	315,000000	-10,671929	24	0,21	0,04
2332	320,000000	-10,671929	31	0,07	0,02
2333	325,000000	-10,671929	31	0,13	0,03
2334	330,000000	-10,671929	28	0,38	0,04
2335	335,000000	-10,671929	28	0,27	0,02
2336	340,000000	-10,671929	35	0,02	0,01
2337	345,000000	-10,671929	29	0,13	0,03
2338	350,000000	-10,671929	31	0,11	0,03
2339	355,000000	-10,671929	31	0,17	0,03
2340	2,500000	-12,839588	24	0,33	0,04
2341	7,500000	-12,839588	25	0,16	0,05
2342	12,500000	-12,839588	26	0,40	0,06
2343	17,500000	-12,839588	22	0,06	0,03
2344	22,500000	-12,839588	17	0,27	0,02
2345	27,500000	-12,839588	14	0,60	0,06
2346	32,500000	-12,839588	20	0,38	0,11
2347	37,500000	-12,839588	26	0,07	0,02
2348	42,500000	-12,839588	19	0,11	0,03
2349	47,500000	-12,839588	29	0,30	0,08
2351	57,500000	-12,839588	33	0,08	0,04
2354	72,500000	-12,839588	29	0,27	0,05
2355	77,500000	-12,839588	28	0,09	0,03
2356	82,500000	-12,839588	30	0,11	0,03
2357	87,500000	-12,839588	32	0,02	0,01
2359	97,500000	-12,839588	38	0,10	0,03
2360	102,500000	-12,839588	41	0,22	0,04
2363	117,500000	-12,839588	30	0,22	0,04
2364	122,500000	-12,839588	30	0,10	0,02
2367	137,500000	-12,839588	24	0,33	0,06
2369	147,500000	-12,839588	27	0,08	0,03
2371	157,500000	-12,839588	24	0,25	0,03
2372	162,500000	-12,839588	30	0,30	0,03
2373	167,500000	-12,839588	15	0,14	0,04
2374	172,500000	-12,839588	19	0,89	0,31
2375	177,500000	-12,839588	33	0,34	0,07
2376	182,500000	-12,839588	18	0,34	0,08
2377	187,500000	-12,839588	25	0,23	0,06
2378	192,500000	-12,839588	26	0,26	0,09
2380	202,500000	-12,839588	39	0,38	0,05
2381	207,500000	-12,839588	35	0,05	0,02
2382	212,500000	-12,839588	33	0,33	0,05
2383	217,500000	-12,839588	24	0,07	0,03
2384	222,500000	-12,839588	26	0,05	0,01
2385	227,500000	-12,839588	27	0,14	0,02
2386	232,500000	-12,839588	18	0,08	0,03
2388	242,500000	-12,839588	32	0,08	0,02
2389	247,500000	-12,839588	26	0,14	0,02
2390	252,500000	-12,839588	26	0,12	0,03
2391	257,500000	-12,839588	28	0,14	0,03
2392	262,500000	-12,839588	33	0,30	0,03
2393	267,500000	-12,839588	31	0,01	0,00
2394	272,500000	-12,839588	27	0,08	0,01
2395	277,500000	-12,839588	24	0,34	0,04
2396	282,500000	-12,839588	27	0,31	0,04
2397	287,500000	-12,839588	31	0,14	0,03
2398	292,500000	-12,839588	37	0,06	0,02
2399	297,500000	-12,839588	30	0,30	0,06
2400	302,500000	-12,839588	20	0,41	0,08
2401	307,500000	-12,839588	26	0,06	0,01
2402	312,500000	-12,839588	37	0,20	0,02
2403	317,500000	-12,839588	26	0,07	0,01
2404	322,500000	-12,839588	31	0,23	0,04
2405	327,500000	-12,839588	29	0,48	0,06
2407	337,500000	-12,839588	22	0,07	0,02
2408	342,500000	-12,839588	22	0,05	0,02
2409	347,500000	-12,839588	31	0,19	0,04
2411	357,500000	-12,839588	33	0,12	0,03
2412	0,000000	-15,026114	30	0,19	0,02
2413	5,000000	-15,026114	22	0,24	0,04
2414	10,000000	-15,026114	23	0,28	0,02
2415	15,000000	-15,026114	22	0,03	0,01
2416	20,000000	-15,026114	26	0,30	0,04
2417	25,000000	-15,026114	16	0,30	0,07
2418	30,000000	-15,026114	18	0,09	0,03
2419	35,000000	-15,026114	14	0,09	0,04
2420	40,000000	-15,026114	19	0,55	0,11
2421	45,000000	-15,026114	20	0,21	0,04
2422	50,000000	-15,026114	21	0,11	0,04
2424	60,000000	-15,026114	29	0,20	0,04
2425	65,000000	-15,026114	27	0,09	0,04
2428	80,000000	-15,026114	22	0,25	0,05
2430	90,000000	-15,026114	21	0,07	0,03
2431	95,000000	-15,026114	40	0,13	0,03
2432	100,000000	-15,026114	47	0,27	0,04
2433	105,000000	-15,026114	32	0,41	0,06
2434	110,000000	-15,026114	29	0,05	0,01
2435	115,000000	-15,026114	25	0,35	0,06
2437	125,000000	-15,026114	32	0,07	0,03
2438	130,000000	-15,026114	21	0,23	0,04
2439	135,000000	-15,026114	24	0,17	0,05
2440	140,000000	-15,026114	20	0,21	0,05
2441	145,000000	-15,026114	24	0,22	0,05
2442	150,000000	-15,026114	29	0,19	0,05
2443	155,000000	-15,026114	27	0,22	0,04
2444	160,000000	-15,026114	30	0,43	0,06
2445	165,000000	-15,026114	23	0,17	0,06
2446	170,000000	-15,026114	20	0,85	0,23
2447	175,000000	-15,026114	25	1,04	0,13
2448	180,000000	-15,026114	24	0,62	0,10
2449	185,000000	-15,026114	25	0,62	0,07
2450	190,000000	-15,026114	27	0,34	0,09
2451	195,000000	-15,026114	23	0,09	0,04
2452	200,000000	-15,026114	38	0,17	0,02
2454	210,000000	-15,026114	27	0,41	0,05
2455	215,000000	-15,026114	30	0,25	0,03
2456	220,000000	-15,026114	20	0,09	0,02
2457	225,000000	-15,026114	24	0,12	0,04
2458	230,000000	-15,026114	17	0,16	0,05
2459	235,000000	-15,026114	23	0,02	0,01
2460	240,000000	-15,026114	28	0,03	0,01
2461	245,000000	-15,026114	25	0,33	0,03
2462	250,000000	-15,026114	32	0,20	0,02
2463	255,000000	-15,026114	34	0,05	0,03
2465	265,000000	-15,026114	40	0,16	0,02
2466	270,000000	-15,026114	25	0,13	0,02
2467	275,000000	-15,026114	28	0,19	0,02
2468	280,000000	-15,026114	29	0,17	0,04
2469	285,000000	-15,026114	29	0,15	0,03
2470	290,000000	-15,026114	35	0,18	0,03
2471	295,000000	-15,026114	26	0,34	0,08
2472	300,000000	-15,026114	22	0,57	0,11
2473	305,000000	-15,026114	27	0,14	0,03
2474	310,000000	-15,026114	27	0,34	0,03
2475	315,000000	-15,026114	28	0,05	0,01
2476	320,000000	-15,026114	28	0,07	0,01
2477	325,000000	-15,026114	26	0,10	0,02
2478	330,000000	-15,026114	36	0,08	0,02
2480	340,000000	-15,026114	31	0,15	0,02
2481	345,000000	-15,026114	28	0,12	0,04
2483	355,000000	-15,026114	37	0,04	0,01
2484	2,500000	-17,235285	38	0,10	0,02
2485	7,500000	-17,235285	26	0,14	0,02
2486	12,500000	-17,235285	19	0,19	0,07
2487	17,500000	-17,235285	23	0,18	0,03
2488	22,500000	-17,235285	15	0,30	0,06
2489	27,500000	-17,235285	16	0,15	0,04
2490	32,500000	-17,235285	17	0,35	0,11
2493	47,500000	-17,235285	24	0,11	0,03
2494	52,500000	-17,235285	21	0,10	0,05
2495	57,500000	-17,235285	27	0,29	0,08
2497	67,500000	-17,235285	22	0,21	0,03
2501	87,500000	-17,235285	30	0,22	0,05
2503	97,500000	-17,235285	43	0,14	0,03
2504	102,500000	-17,235285	23	0,27	0,05
2505	107,500000	-17,235285	34	0,10	0,03
2507	117,500000	-17,235285	34	0,22	0,04
2509	127,500000	-17,235285	25	0,35	0,05
2510	132,500000	-17,235285	27	0,07	0,03
2511	137,500000	-17,235285	28	0,19	0,07
2512	142,500000	-17,235285	26	0,22	0,04
2513	147,500000	-17,235285	22	0,11	0,04
2514	152,500000	-17,235285	21	0,45	0,08
2515	157,500000	-17,235285	25	0,48	0,08
2516	162,500000	-17,235285	20	1,14	0,13
2518	172,500000	-17,235285	24	0,65	0,11
2519	177,500000	-17,235285	23	0,99	0,18
2520	182,500000	-17,235285	21	0,64	0,17
2521	187,500000	-17,235285	28	0,46	0,07
2524	202,500000	-17,235285	43	0,03	0,01
2526	212,500000	-17,235285	31	0,35	0,05
2527	217,500000	-17,235285	23	0,17	0,04
2528	222,500000	-17,235285	25	0,25	0,03
2530	232,500000	-17,235285	21	0,06	0,02
2531	237,500000	-17,235285	20	0,01	0,00
2532	242,500000	-17,235285	24	0,10	0,04
2533	247,500000	-17,235285	34	0,04	0,01
2534	252,500000	-17,235285	28	0,10	0,04
2536	262,500000	-17,235285	38	0,18	0,04
2537	267,500000	-17,235285	32	0,01	0,00
2538	272,500000	-17,235285	26	0,13	0,03
2539	277,500000	-17,235285	36	0,11	0,02
2540	282,500000	-17,235285	22	0,25	0,03
2541	287,500000	-17,235285	22	0,12	0,03
2542	292,500000	-17,235285	25	0,69	0,10
2544	302,500000	-17,235285	19	0,15	0,04
2545	307,500000	-17,235285	31	0,05	0,02
2546	312,500000	-17,235285	28	0,14	0,03
2548	322,500000	-17,235285	22	0,11	0,02
2549	327,500000	-17,235285	31	0,16	0,02
2550	332,500000	-17,235285	32	0,20	0,02
2551	337,500000	-17,235285	30	0,11	0,02
2552	342,500000	-17,235285	33	0,07	0,02
2553	347,500000	-17,235285	37	0,20	0,03
2554	352,500000	-17,235285	32	0,18	0,04
2555	357,500000	-17,235285	35	0,05	0,02
2556	0,000000	-19,471221	32	0,30	0,05
2558	10,000000	-19,471221	19	0,24	0,05
2559	15,000000	-19,471221	22	0,19	0,03
2561	25,000000	-19,471221	16	0,11	0,03
2563	35,000000	-19,471221	19	0,35	0,12
2564	40,000000	-19,471221	20	0,78	0,11
2565	45,000000	-19,471221	20	0,09	0,02
2567	55,000000	-19,471221	24	0,05	0,03
2569	65,000000	-19,471221	23	0,08	0,03
2572	80,000000	-19,471221	23	0,41	0,07
2573	85,000000	-19,471221	25	0,11	0,04
2576	100,000000	-19,471221	30	0,06	0,03
2577	105,000000	-19,471221	31	0,17	0,05
2578	110,000000	-19,471221	21	0,07	0,02
2582	130,000000	-19,471221	25	0,07	0,02
2583	135,000000	-19,471221	33	0,20	0,05
2585	145,000000	-19,471221	28	0,20	0,03
2586	150,000000	-19,471221	20	0,82	0,12
2587	155,000000	-19,471221	23	0,26	0,07
2588	160,000000	-19,471221	15	0,56	0,14
2589	165,000000	-19,471221	18	0,05	0,02
2590	170,000000	-19,471221	21	0,34	0,08
2591	175,000000	-19,471221	30	0,21	0,04
2592	180,000000	-19,471221	26	0,52	0,12
2593	185,000000	-19,471221	21	0,82	0,17
2594	190,000000	-19,471221	26	0,16	0,07
2596	200,000000	-19,471221	40	0,06	0,01
2597	205,000000	-19,471221	46	0,17	0,03
2598	210,000000	-19,471221	42	0,13	0,02
2601	225,000000	-19,471221	23	0,18	0,04
2602	230,000000	-19,471221	26	0,05	0,02
2603	235,000000	-19,471221	23	0,02	0,01
2605	245,000000	-19,471221	29	0,17	0,05
2606	250,000000	-19,471221	17	0,19	0,05
2607	255,000000	-19,471221	30	0,09	0,03
2608	260,000000	-19,471221	33	0,14	0,02
2609	265,000000	-19,471221	28	0,12	0,03
2610	270,000000	-19,471221	25	0,29	0,05
2611	275,000000	-19,471221	27	0,25	0,03
2612	280,000000	-19,471221	31	0,17	0,04
2613	285,000000	-19,471221	30	0,27	0,03
2614	290,000000	-19,471221	31	0,22	0,02
2615	295,000000	-19,471221	27	0,28	0,04
2616	300,000000	-19,471221	19	0,48	0,06
2617	305,000000	-19,471221	19	0,48	0,09
2618	310,000000	-19,471221	21	0,41	0,05
2619	315,000000	-19,471221	26	0,07	0,02
2620	320,000000	-19,471221	23	0,06	0,02
2621	325,000000	-19,471221	25	0,06	0,02
2622	330,000000	-19,471221	29	0,12	0,04
2623	335,000000	-19,471221	31	0,26	0,04
2624	340,000000	-19,471221	28	0,01	0,00
2625	345,000000	-19,471221	29	0,06	0,02
2626	350,000000	-19,471221	26	0,02	0,01
2627	355,000000	-19,471221	37	0,08	0,02
2628	2,500000	-21,738461	29	0,11	0,04
2629	7,500000	-21,738461	24	0,18	0,07
2630	12,500000	-21,738461	17	0,16	0,05
2631	17,500000	-21,738461	19	0,15	0,03
2632	22,500000	-21,738461	15	0,22	0,06
2633	27,500000	-21,738461	21	0,10	0,04
2634	32,500000	-21,738461	22	0,44	0,09
2635	37,500000	-21,738461	22	0,55	0,07
2636	42,500000	-21,738461	25	0,06	0,02
2637	47,500000	-21,738461	22	0,02	0,01
2638	52,500000	-21,738461	23	0,16	0,06
2639	57,500000	-21,738461	20	0,08	0,03
2640	62,500000	-21,738461	21	0,10	0,02
2641	67,500000	-21,738461	25	0,34	0,07
2644	82,500000	-21,738461	24	0,04	0,02
2646	92,500000	-21,738461	23	0,37	0,07
2647	97,500000	-21,738461	27	0,08	0,03
2648	102,500000	-21,738461	21	0,31	0,05
2649	107,500000	-21,738461	18	0,20	0,06
2651	117,500000	-21,738461	21	0,12	0,04
2652	122,500000	-21,738461	23	0,09	0,03
2654	132,500000	-21,738461	32	0,21	0,04
2655	137,500000	-21,738461	24	0,19	0,03
2656	142,500000	-21,738461	24	0,09	0,02
2658	152,500000	-21,738461	22	0,69	0,08
2659	157,500000	-21,738461	25	0,77	0,07
2660	162,500000	-21,738461	23	0,07	0,03
2661	167,500000	-21,738461	28	0,15	0,06
2662	172,500000	-21,738461	25	0,78	0,13
2663	177,500000	-21,738461	33	0,49	0,10
2664	182,500000	-21,738461	30	0,01	0,00
2665	187,500000	-21,738461	29	0,54	0,08
2666	192,500000	-21,738461	22	0,30	0,05
2668	202,500000	-21,738461	35	0,20	0,03
2669	207,500000	-21,738461	42	0,23	0,04
2670	212,500000	-21,738461	30	0,17	0,04
2671	217,500000	-21,738461	27	0,11	0,03
2672	222,500000	-21,738461	19	0,08	0,02
2675	237,500000	-21,738461	29	0,06	0,02
2676	242,500000	-21,738461	29	0,10	0,02
2677	247,500000	-21,738461	25	0,06	0,01
2678	252,500000	-21,738461	33	0,08	0,02
2679	257,500000	-21,738461	31	0,06	0,02
2680	262,500000	-21,738461	27	0,18	0,03
2682	272,500000	-21,738461	23	0,22	0,05
2683	277,500000	-21,738461	22	0,11	0,03
2684	282,500000	-21,738461	26	0,17	0,04
2686	292,500000	-21,738461	25	0,25	0,03
2687	297,500000	-21,738461	23	0,27	0,03
2688	302,500000	-21,738461	19	0,24	0,05
2690	312,500000	-21,738461	25	0,13	0,04
2691	317,500000	-21,738461	27	0,15	0,02
2692	322,500000	-21,738461	29	0,11	0,03
2693	327,500000	-21,738461	23	0,15	0,04
2694	332,500000	-21,738461	32	0,10	0,02
2695	337,500000	-21,738461	31	0,18	0,02
2696	342,500000	-21,738461	29	0,10	0,04
2697	347,500000	-21,738461	34	0,20	0,03
2698	352,500000	-21,738461	25	0,21	0,04
2700	0,000000	-24,042076	33	0,39	0,06
2701	5,000000	-24,042076	20	0,22	0,03
2702	10,000000	-24,042076	25	0,34	0,03
2703	15,000000	-24,042076	20	0,19	0,05
2704	20,000000	-24,042076	25	0,42	0,05
2705	25,000000	-24,042076	23	0,36	0,04
2706	30,000000	-24,042076	17	0,40	0,11
2707	35,000000	-24,042076	19	0,32	0,07
2709	45,000000	-24,042076	22	0,19	0,03
2711	55,000000	-24,042076	24	0,02	0,01
2712	60,000000	-24,042076	23	0,11	0,04
2714	70,000000	-24,042076	22	0,18	0,05
2716	80,000000	-24,042076	23	0,16	0,07
2717	85,000000	-24,042076	20	0,19	0,04
2719	95,000000	-24,042076	23	0,21	0,07
2721	105,000000	-24,042076	27	0,11	0,04
2723	115,000000	-24,042076	24	0,07	0,03
2724	120,000000	-24,042076	30	0,22	0,03
2726	130,000000	-24,042076	26	0,27	0,08
2727	135,000000	-24,042076	30	0,43	0,08
2728	140,000000	-24,042076	21	0,36	0,09
2729	145,000000	-24,042076	26	0,52	0,07
2730	150,000000	-24,042076	27	0,05	0,02
2731	155,000000	-24,042076	16	0,71	0,09
2732	160,000000	-24,042076	21	0,02	0,00
2733	165,000000	-24,042076	28	0,80	0,10
2734	170,000000	-24,042076	29	0,34	0,06
2735	175,000000	-24,042076	24	0,29	0,07
2736	180,000000	-24,042076	32	0,20	0,03
2737	185,000000	-24,042076	23	0,91	0,13
2738	190,000000	-24,042076	26	0,18	0,04
2740	200,000000	-24,042076	28	0,12	0,04
2741	205,000000	-24,042076	31	0,05	0,02
2742	210,000000	-24,042076	27	0,22	0,06
2743	215,000000	-24,042076	25	0,09	0,03
2744	220,000000	-24,042076	21	0,04	0,02
2745	225,000000	-24,042076	23	0,09	0,01
2748	240,000000	-24,042076	26	0,27	0,04
2749	245,000000	-24,042076	20	0,20	0,05
2750	250,000000	-24,042076	28	0,00	0,00
2751	255,000000	-24,042076	27	0,11	0,02
2752	260,000000	-24,042076	28	0,19	0,05
2753	265,000000	-24,042076	31	0,21	0,05
2754	270,000000	-24,042076	24	0,14	0,02
2756	280,000000	-24,042076	23	0,05	0,02
2757	285,000000	-24,042076	23	0,17	0,04
2758	290,000000	-24,042076	26	0,15	0,03
2759	295,000000	-24,042076	13	0,37	0,10
2760	300,000000	-24,042076	20	0,23	0,04
2761	305,000000	-24,042076	21	0,03	0,01
2762	310,000000	-24,042076	26	0,08	0,04
2763	315,000000	-24,042076	25	0,07	0,02
2764	320,000000	-24,042076	25	0,15	0,03
2765	325,000000	-24,042076	29	0,16	0,03
2766	330,000000	-24,042076	27	0,22	0,04
2767	335,000000	-24,042076	31	0,08	0,01
2768	340,000000	-24,042076	24	0,19	0,04
2771	355,000000	-24,042076	26	0,01	0,00
2773	7,500000	-26,387800	24	0,24	0,04
2775	17,500000	-26,387800	19	0,42	0,04
2776	22,500000	-26,387800	19	0,18	0,05
2777	27,500000	-26,387800	23	0,11	0,04
2778	32,500000	-26,387800	16	0,14	0,04
2779	37,500000	-26,387800	17	0,28	0,06
2781	47,500000	-26,387800	25	0,13	0,05
2782	52,500000	-26,387800	22	0,18	0,07
2785	67,500000	-26,387800	14	0,45	0,10
2786	72,500000	-26,387800	18	0,11	0,05
2787	77,500000	-26,387800	24	0,32	0,09
2788	82,500000	-26,387800	18	0,20	0,05
2791	97,500000	-26,387800	18	0,11	0,05
2792	102,500000	-26,387800	26	0,11	0,04
2794	112,500000	-26,387800	22	0,14	0,07
2797	127,500000	-26,387800	23	0,21	0,04
2798	132,500000	-26,387800	28	0,11	0,04
2799	137,500000	-26,387800	20	0,56	0,08
2800	142,500000	-26,387800	24	0,48	0,05
2801	147,500000	-26,387800	20	0,21	0,03
2803	157,500000	-26,387800	18	0,81	0,08
2805	167,500000	-26,387800	24	0,60	0,11
2807	177,500000	-26,387800	23	0,89	0,12
2808	182,500000	-26,387800	32	0,85	0,10
2810	192,500000	-26,387800	18	0,50	0,11
2811	197,500000	-26,387800	28	0,10	0,04
2813	207,500000	-26,387800	23	0,14	0,05
2814	212,500000	-26,387800	27	0,09	0,04
2815	217,500000	-26,387800	24	0,13	0,03
2816	222,500000	-26,387800	21	0,06	0,03
2817	227,500000	-26,387800	16	0,08	0,04
2819	237,500000	-26,387800	27	0,16	0,03
2820	242,500000	-26,387800	34	0,20	0,04
2821	247,500000	-26,387800	26	0,15	0,03
2822	252,500000	-26,387800	32	0,16	0,03
2823	257,500000	-26,387800	24	0,19	0,04
2824	262,500000	-26,387800	18	0,27	0,09
2825	267,500000	-26,387800	35	0,11	0,02
2826	272,500000	-26,387800	28	0,09	0,03
2828	282,500000	-26,387800	28	0,11	0,03
2830	292,500000	-26,387800	19	0,35	0,04
2831	297,500000	-26,387800	19	0,14	0,03
2832	302,500000	-26,387800	21	0,19	0,02
2833	307,500000	-26,387800	21	0,23	0,03
2834	312,500000	-26,387800	26	0,28	0,03
2836	322,500000	-26,387800	23	0,07	0,02
2837	327,500000	-26,387800	28	0,10	0,02
2839	337,500000	-26,387800	26	0,15	0,02
2840	342,500000	-26,387800	34	0,13	0,03
2843	357,500000	-26,387800	25	0,20	0,03
2844	0,000000	-28,782205	30	0,05	0,01
2845	5,000000	-28,782205	29	0,11	0,02
2847	15,000000	-28,782205	18	0,52	0,07
2848	20,000000	-28,782205	19	0,17	0,07
2849	25,000000	-28,782205	25	0,27	0,04
2851	35,000000	-28,782205	22	0,10	0,03
2856	60,000000	-28,782205	22	0,30	0,10
2859	75,000000	-28,782205	21	0,24	0,06
2860	80,000000	-28,782205	23	0,08	0,02
2864	100,000000	-28,782205	19	0,15	0,05
2866	110,000000	-28,782205	18	0,20	0,07
2867	115,000000	-28,782205	17	0,05	0,02
2869	125,000000	-28,782205	23	0,45	0,07
2870	130,000000	-28,782205	19	0,24	0,05
2871	135,000000	-28,782205	19	0,29	0,08
2873	145,000000	-28,782205	26	0,33	0,07
2874	150,000000	-28,782205	16	0,13	0,05
2877	165,000000	-28,782205	21	0,45	0,10
2878	170,000000	-28,782205	29	0,50	0,07
2879	175,000000	-28,782205	23	0,72	0,09
2880	180,000000	-28,782205	19	0,54	0,12
2881	185,000000	-28,782205	29	0,16	0,06
2882	190,000000	-28,782205	23	0,26	0,04
2883	195,000000	-28,782205	23	0,37	0,08
2884	200,000000	-28,782205	24	0,17	0,05
2886	210,000000	-28,782205	26	0,42	0,07
2887	215,000000	-28,782205	20	0,21	0,03
2888	220,000000	-28,782205	22	0,13	0,03
2889	225,000000	-28,782205	18	0,17	0,03
2891	235,000000	-28,782205	24	0,07	0,02
2893	245,000000	-28,782205	23	0,19	0,04
2894	250,000000	-28,782205	27	0,14	0,02
2895	255,000000	-28,782205	22	0,10	0,03
2896	260,000000	-28,782205	29	0,22	0,04
2897	265,000000	-28,782205	26	0,17	0,03
2899	275,000000	-28,782205	27	0,09	0,05
2901	285,000000	-28,782205	22	0,11	0,02
2902	290,000000	-28,782205	24	0,24	0,02
2903	295,000000	-28,782205	18	0,40	0,06
2904	300,000000	-28,782205	16	0,37	0,05
2905	305,000000	-28,782205	20	0,01	0,01
2906	310,000000	-28,782205	24	0,28	0,03
2907	315,000000	-28,782205	22	0,16	0,02
2908	320,000000	-28,782205	24	0,24	0,04
2909	325,000000	-28,782205	37	0,05	0,01
2910	330,000000	-28,782205	34	0,14	0,03
2911	335,000000	-28,782205	21	0,21	0,04
2912	340,000000	-28,782205	30	0,19	0,02
2913	345,000000	-28,782205	29	0,07	0,02
2915	355,000000	-28,782205	27	0,13	0,05
2916	2,500000	-31,232929	31	0,09	0,01
2917	7,500000	-31,232929	25	0,22	0,05
2918	12,500000	-31,232929	20	0,23	0,03
2919	17,500000	-31,232929	18	0,26	0,07
2920	22,500000	-31,232929	19	0,20	0,03
2921	27,500000	-31,232929	25	0,30	0,06
2927	57,500000	-31,232929	20	0,19	0,07
2931	77,500000	-31,232929	31	0,26	0,07
2932	82,500000	-31,232929	21	0,10	0,04
2933	87,500000	-31,232929	20	0,12	0,04
2936	102,500000	-31,232929	19	0,08	0,04
2937	107,500000	-31,232929	21	0,08	0,04
2938	112,500000	-31,232929	27	0,22	0,07
2940	122,500000	-31,232929	20	0,48	0,11
2941	127,500000	-31,232929	19	0,24	0,08
2944	142,500000	-31,232929	22	0,15	0,03
2945	147,500000	-31,232929	12	0,09	0,03
2946	152,500000	-31,232929	18	0,47	0,11
2949	167,500000	-31,232929	21	0,33	0,09
2950	172,500000	-31,232929	22	0,07	0,03
2951	177,500000	-31,232929	25	0,34	0,10
2953	187,500000	-31,232929	26	0,22	0,07
2954	192,500000	-31,232929	22	0,18	0,05
2955	197,500000	-31,232929	20	0,28	0,09
2956	202,500000	-31,232929	15	0,11	0,04
2958	212,500000	-31,232929	16	0,26	0,06
2959	217,500000	-31,232929	17	0,19	0,04
2960	222,500000	-31,232929	19	0,07	0,02
2963	237,500000	-31,232929	22	0,14	0,04
2964	242,500000	-31,232929	17	0,38	0,03
2966	252,500000	-31,232929	20	0,18	0,02
2967	257,500000	-31,232929	24	0,10	0,04
2968	262,500000	-31,232929	33	0,11	0,02
2969	267,500000	-31,232929	18	0,19	0,05
2972	282,500000	-31,232929	25	0,16	0,02
2973	287,500000	-31,232929	30	0,16	0,04
2974	292,500000	-31,232929	21	0,22	0,03
2975	297,500000	-31,232929	25	0,02	0,01
2976	302,500000	-31,232929	22	0,50	0,08
2977	307,500000	-31,232929	30	0,21	0,03
2978	312,500000	-31,232929	28	0,21	0,05
2979	317,500000	-31,232929	25	0,29	0,06
2982	332,500000	-31,232929	22	0,13	0,03
2986	352,500000	-31,232929	31	0,17	0,03
2987	357,500000	-31,232929	32	0,09	0,03
2991	15,000000	-33,748989	32	0,22	0,06
2992	20,000000	-33,748989	20	0,11	0,03
2993	25,000000	-33,748989	18	0,06	0,03
2994	30,000000	-33,748989	17	0,04	0,01
2995	35,000000	-33,748989	17	0,19	0,05
2996	40,000000	-33,748989	18	0,08	0,03
2997	45,000000	-33,748989	24	0,51	0,05
2998	50,000000	-33,748989	25	0,02	0,01
3002	70,000000	-33,748989	27	0,07	0,03
3005	85,000000	-33,748989	21	0,27	0,09
3009	105,000000	-33,748989	22	0,08	0,03
3011	115,000000	-33,748989	18	0,18	0,04
3015	135,000000	-33,748989	19	0,44	0,13
3016	140,000000	-33,748989	21	0,08	0,04
3017	145,000000	-33,748989	23	0,26	0,04
3018	150,000000	-33,748989	15	0,21	0,07
3019	155,000000	-33,748989	18	0,38	0,09
3021	165,000000	-33,748989	28	0,09	0,02
3022	170,000000	-33,748989	21	0,16	0,06
3023	175,000000	-33,748989	19	0,56	0,12
3025	185,000000	-33,748989	31	0,27	0,04
3026	190,000000	-33,748989	23	0,38	0,09
3027	195,000000	-33,748989	20	0,18	0,04
3028	200,000000	-33,748989	26	0,36	0,06
3031	215,000000	-33,748989	22	0,17	0,04
3033	225,000000	-33,748989	13	0,11	0,02
3034	230,000000	-33,748989	19	0,01	0,00
3035	235,000000	-33,748989	27	0,03	0,01
3037	245,000000	-33,748989	17	0,09	0,03
3039	255,000000	-33,748989	24	0,14	0,03
3041	265,000000	-33,748989	22	0,02	0,01
3042	270,000000	-33,748989	25	0,14	0,05
3043	275,000000	-33,748989	26	0,05	0,01
3044	280,000000	-33,748989	22	0,18	0,04
3045	285,000000	-33,748989	25	0,14	0,03
3046	290,000000	-33,748989	23	0,06	0,02
3047	295,000000	-33,748989	18	0,27	0,05
3048	300,000000	-33,748989	19	0,30	0,06
3049	305,000000	-33,748989	17	0,30	0,07
3050	310,000000	-33,748989	21	0,01	0,00
3051	315,000000	-33,748989	20	0,37	0,05
3052	320,000000	-33,748989	25	0,07	0,02
3054	330,000000	-33,748989	28	0,10	0,02
3055	335,000000	-33,748989	22	0,06	0,01
3056	340,000000	-33,748989	20	0,05	0,01
3059	355,000000	-33,748989	24	0,12	0,04
3061	7,500000	-36,341203	28	0,10	0,02
3062	12,500000	-36,341203	27	0,10	0,02
3063	17,500000	-36,341203	23	0,08	0,02
3064	22,500000	-36,341203	15	0,06	0,02
3067	37,500000	-36,341203	21	0,19	0,04
3068	42,500000	-36,341203	21	0,14	0,01
3069	47,500000	-36,341203	19	0,26	0,07
3070	52,500000	-36,341203	16	0,16	0,04
3072	62,500000	-36,341203	17	0,20	0,09
3073	67,500000	-36,341203	19	0,33	0,06
3074	72,500000	-36,341203	16	0,12	0,05
3078	92,500000	-36,341203	20	0,38	0,11
3080	102,500000	-36,341203	19	0,08	0,03
3081	107,500000	-36,341203	19	0,22	0,10
3083	117,500000	-36,341203	25	0,23	0,06
3085	127,500000	-36,341203	21	0,35	0,05
3086	132,500000	-36,341203	17	0,32	0,10
3088	142,500000	-36,341203	20	0,15	0,03
3089	147,500000	-36,341203	16	0,42	0,10
3090	152,500000	-36,341203	21	0,59	0,14
3091	157,500000	-36,341203	20	0,03	0,01
3092	162,500000	-36,341203	17	0,69	0,15
3093	167,500000	-36,341203	26	0,13	0,03
3094	172,500000	-36,341203	23	0,95	0,13
3095	177,500000	-36,341203	23	0,45	0,10
3097	187,500000	-36,341203	28	0,36	0,05
3098	192,500000	-36,341203	27	0,29	0,06
3102	212,500000	-36,341203	18	0,07	0,03
3103	217,500000	-36,341203	21	0,09	0,02
3106	232,500000	-36,341203	24	0,16	0,03
3109	247,500000	-36,341203	31	0,07	0,02
3110	252,500000	-36,341203	22	0,20	0,03
3111	257,500000	-36,341203	29	0,12	0,03
3112	262,500000	-36,341203	24	0,08	0,03
3113	267,500000	-36,341203	25	0,05	0,02
3114	272,500000	-36,341203	29	0,11	0,03
3115	277,500000	-36,341203	24	0,01	0,00
3118	292,500000	-36,341203	23	0,18	0,02
3120	302,500000	-36,341203	17	0,08	0,02
3121	307,500000	-36,341203	21	0,20	0,04
3122	312,500000	-36,341203	26	0,35	0,05
3123	317,500000	-36,341203	29	0,12	0,04
3124	322,500000	-36,341203	19	0,05	0,01
3127	337,500000	-36,341203	32	0,04	0,02
3128	342,500000	-36,341203	22	0,09	0,02
3130	352,500000	-36,341203	27	0,22	0,04
3131	357,500000	-36,341203	33	0,09	0,03
3132	0,000000	-39,022803	28	0,17	0,04
3133	5,000000	-39,022803	25	0,05	0,02
3134	10,000000	-39,022803	20	0,22	0,06
3135	15,000000	-39,022803	28	0,02	0,00
3137	25,000000	-39,022803	22	0,22	0,04
3138	30,000000	-39,022803	21	0,10	0,04
3139	35,000000	-39,022803	17	0,10	0,05
3140	40,000000	-39,022803	24	0,21	0,04
3142	50,000000	-39,022803	13	0,51	0,20
3145	65,000000	-39,022803	23	0,16	0,07
3149	85,000000	-39,022803	20	0,08	0,03
3150	90,000000	-39,022803	21	0,07	0,02
3151	95,000000	-39,022803	20	0,20	0,05
3152	100,000000	-39,022803	24	0,34	0,04
3153	105,000000	-39,022803	22	0,03	0,02
3154	110,000000	-39,022803	15	0,21	0,08
3155	115,000000	-39,022803	19	0,26	0,07
3159	135,000000	-39,022803	24	0,18	0,03
3161	145,000000	-39,022803	17	0,25	0,08
3164	160,000000	-39,022803	21	0,27	0,08
3165	165,000000	-39,022803	17	0,37	0,17
3166	170,000000	-39,022803	22	0,24	0,07
3167	175,000000	-39,022803	27	0,48	0,07
3168	180,000000	-39,022803	29	0,37	0,09
3169	185,000000	-39,022803	26	0,05	0,02
3170	190,000000	-39,022803	20	0,45	0,09
3171	195,000000	-39,022803	18	0,13	0,05
3172	200,000000	-39,022803	23	0,20	0,06
3173	205,000000	-39,022803	11	0,12	0,05
3174	210,000000	-39,022803	20	0,22	0,07
3175	215,000000	-39,022803	20	0,09	0,03
3178	230,000000	-39,022803	28	0,09	0,04
3179	235,000000	-39,022803	23	0,10	0,03
3180	240,000000	-39,022803	21	0,12	0,03
3181	245,000000	-39,022803	26	0,14	0,03
3183	255,000000	-39,022803	26	0,18	0,04
3184	260,000000	-39,022803	26	0,19	0,03
3185	265,000000	-39,022803	20	0,06	0,02
3186	270,000000	-39,022803	23	0,26	0,06
3187	275,000000	-39,022803	31	0,10	0,04
3188	280,000000	-39,022803	26	0,15	0,03
3189	285,000000	-39,022803	18	0,30	0,06
3190	290,000000	-39,022803	32	0,12	0,04
3191	295,000000	-39,022803	24	0,14	0,05
3193	305,000000	-39,022803	31	0,21	0,02
3194	310,000000	-39,022803	19	0,09	0,04
3195	315,000000	-39,022803	25	0,05	0,02
3196	320,000000	-39,022803	29	0,05	0,02
3197	325,000000	-39,022803	25	0,10	0,04
3198	330,000000	-39,022803	29	0,16	0,03
3199	335,000000	-39,022803	18	0,05	0,01
3200	340,000000	-39,022803	33	0,18	0,04
3201	345,000000	-39,022803	26	0,05	0,01
3202	350,000000	-39,022803	27	0,10	0,02
3205	7,500000	-41,810315	33	0,06	0,03
3206	12,500000	-41,810315	28	0,13	0,03
3207	17,500000	-41,810315	18	0,20	0,08
3208	22,500000	-41,810315	16	0,16	0,03
3209	27,500000	-41,810315	22	0,17	0,04
3210	32,500000	-41,810315	24	0,14	0,04
3212	42,500000	-41,810315	19	0,20	0,04
3213	47,500000	-41,810315	26	0,31	0,08
3214	52,500000	-41,810315	18	0,16	0,04
3216	62,500000	-41,810315	24	0,03	0,01
3219	77,500000	-41,810315	17	0,15	0,06
3224	102,500000	-41,810315	15	0,20	0,09
3226	112,500000	-41,810315	19	0,20	0,04
3227	117,500000	-41,810315	28	0,10	0,04
3228	122,500000	-41,810315	19	0,27	0,08
3229	127,500000	-41,810315	23	0,56	0,10
3230	132,500000	-41,810315	24	0,14	0,07
3231	137,500000	-41,810315	20	0,29	0,10
3232	142,500000	-41,810315	18	0,33	0,14
3233	147,500000	-41,810315	17	0,27	0,06
3235	157,500000	-41,810315	22	0,21	0,07
3236	162,500000	-41,810315	22	0,36	0,11
3237	167,500000	-41,810315	25	0,37	0,07
3238	172,500000	-41,810315	22	0,50	0,12
3239	177,500000	-41,810315	26	0,09	0,02
3240	182,500000	-41,810315	25	0,50	0,11
3241	187,500000	-41,810315	31	0,36	0,05
3243	197,500000	-41,810315	15	0,26	0,12
3244	202,500000	-41,810315	13	0,16	0,06
3246	212,500000	-41,810315	26	0,05	0,02
3248	222,500000	-41,810315	14	0,09	0,03
3250	232,500000	-41,810315	22	0,08	0,03
3253	247,500000	-41,810315	29	0,14	0,03
3254	252,500000	-41,810315	25	0,11	0,04
3255	257,500000	-41,810315	25	0,09	0,04
3260	282,500000	-41,810315	18	0,12	0,03
3262	292,500000	-41,810315	26	0,08	0,03
3263	297,500000	-41,810315	27	0,10	0,03
3265	307,500000	-41,810315	18	0,12	0,02
3266	312,500000	-41,810315	26	0,16	0,03
3267	317,500000	-41,810315	25	0,21	0,04
3269	327,500000	-41,810315	24	0,12	0,03
3271	337,500000	-41,810315	32	0,05	0,01
3272	342,500000	-41,810315	22	0,24	0,04
3273	347,500000	-41,810315	28	0,15	0,04
3274	352,500000	-41,810315	22	0,07	0,03
3276	2,647059	-44,642007	35	0,05	0,02
3277	7,941176	-44,642007	28	0,04	0,01
3278	13,235294	-44,642007	24	0,10	0,03
3279	18,529412	-44,642007	20	0,17	0,03
3281	29,117647	-44,642007	18	0,16	0,08
3282	34,411765	-44,642007	22	0,13	0,02
3284	45,000000	-44,642007	23	0,13	0,04
3285	50,294118	-44,642007	16	0,32	0,05
3286	55,588235	-44,642007	20	0,43	0,09
3289	71,470588	-44,642007	21	0,15	0,04
3290	76,764706	-44,642007	25	0,29	0,06
3291	82,058824	-44,642007	20	0,05	0,02
3294	97,941176	-44,642007	19	0,38	0,06
3297	113,823529	-44,642007	23	0,37	0,07
3298	119,117647	-44,642007	15	0,25	0,08
3299	124,411765	-44,642007	22	0,44	0,10
3300	129,705882	-44,642007	16	0,48	0,10
3301	135,000000	-44,642007	19	0,38	0,07
3302	140,294118	-44,642007	21	0,22	0,06
3303	145,588235	-44,642007	20	0,36	0,09
3304	150,882353	-44,642007	20	0,55	0,19
3306	161,470588	-44,642007	20	0,33	0,10
3307	166,764706	-44,642007	17	0,43	0,17
3308	172,058824	-44,642007	25	0,24	0,05
3310	182,647059	-44,642007	26	0,30	0,05
3311	187,941176	-44,642007	26	0,26	0,05
3312	193,235294	-44,642007	17	0,16	0,03
3313	198,529412	-44,642007	22	0,13	0,04
3315	209,117647	-44,642007	11	0,27	0,04
3317	219,705882	-44,642007	17	0,09	0,04
3318	225,000000	-44,642007	19	0,07	0,02
3319	230,294118	-44,642007	20	0,09	0,04
3320	235,588235	-44,642007	27	0,11	0,02
3321	240,882353	-44,642007	19	0,19	0,02
3322	246,176471	-44,642007	34	0,11	0,03
3323	251,470588	-44,642007	26	0,10	0,02
3326	267,352941	-44,642007	16	0,17	0,05
3328	277,941176	-44,642007	27	0,08	0,03
3329	283,235294	-44,642007	23	0,18	0,07
3330	288,529412	-44,642007	23	0,04	0,02
3331	293,823529	-44,642007	20	0,04	0,02
3332	299,117647	-44,642007	19	0,03	0,01
3333	304,411765	-44,642007	22	0,05	0,01
3336	320,294118	-44,642007	26	0,02	0,01
3337	325,588235	-44,642007	27	0,10	0,02
3338	330,882353	-44,642007	34	0,24	0,04
3339	336,176471	-44,642007	27	0,17	0,05
3340	341,470588	-44,642007	24	0,15	0,03
3341	346,764706	-44,642007	30	0,00	0,00
3342	352,058824	-44,642007	31	0,07	0,01
3344	2,812500	-47,444749	27	0,03	0,01
3346	14,062500	-47,444749	24	0,07	0,03
3348	25,312500	-47,444749	25	0,01	0,00
3350	36,562500	-47,444749	17	0,10	0,04
3352	47,812500	-47,444749	17	0,13	0,05
3353	53,437500	-47,444749	22	0,11	0,04
3355	64,687500	-47,444749	20	0,33	0,09
3357	75,937500	-47,444749	22	0,18	0,06
3358	81,562500	-47,444749	17	0,44	0,07
3360	92,812500	-47,444749	18	0,27	0,08
3361	98,437500	-47,444749	17	0,20	0,06
3363	109,687500	-47,444749	24	0,50	0,11
3364	115,312500	-47,444749	22	0,43	0,12
3367	132,187500	-47,444749	17	0,03	0,01
3368	137,812500	-47,444749	21	0,30	0,09
3369	143,437500	-47,444749	19	0,18	0,08
3370	149,062500	-47,444749	25	0,32	0,07
3372	160,312500	-47,444749	17	0,43	0,05
3375	177,187500	-47,444749	25	0,37	0,11
3376	182,812500	-47,444749	17	0,21	0,05
3377	188,437500	-47,444749	28	0,16	0,06
3378	194,062500	-47,444749	25	0,36	0,06
3379	199,687500	-47,444749	20	0,02	0,01
3380	205,312500	-47,444749	10	0,20	0,04
3383	222,187500	-47,444749	22	0,24	0,04
3384	227,812500	-47,444749	22	0,22	0,03
3385	233,437500	-47,444749	15	0,06	0,03
3386	239,062500	-47,444749	25	0,06	0,01
3388	250,312500	-47,444749	20	0,09	0,04
3391	267,187500	-47,444749	24	0,08	0,03
3395	289,687500	-47,444749	28	0,03	0,01
3396	295,312500	-47,444749	23	0,01	0,00
3398	306,562500	-47,444749	27	0,05	0,02
3400	317,812500	-47,444749	28	0,12	0,03
3401	323,437500	-47,444749	34	0,12	0,02
3404	340,312500	-47,444749	36	0,09	0,02
3405	345,937500	-47,444749	33	0,28	0,04
3406	351,562500	-47,444749	25	0,04	0,01
3408	3,000000	-50,221039	24	0,08	0,02
3409	9,000000	-50,221039	29	0,14	0,02
3410	15,000000	-50,221039	22	0,02	0,01
3411	21,000000	-50,221039	20	0,01	0,00
3417	57,000000	-50,221039	19	0,22	0,06
3418	63,000000	-50,221039	15	0,47	0,10
3419	69,000000	-50,221039	18	0,16	0,05
3421	81,000000	-50,221039	30	0,09	0,03
3423	93,000000	-50,221039	18	0,22	0,08
3425	105,000000	-50,221039	22	0,23	0,06
3427	117,000000	-50,221039	21	0,19	0,08
3428	123,000000	-50,221039	18	0,48	0,10
3429	129,000000	-50,221039	21	0,15	0,05
3430	135,000000	-50,221039	16	0,16	0,08
3432	147,000000	-50,221039	19	0,17	0,07
3433	153,000000	-50,221039	19	0,40	0,08
3435	165,000000	-50,221039	23	0,33	0,12
3441	201,000000	-50,221039	14	0,20	0,06
3442	207,000000	-50,221039	15	0,06	0,03
3443	213,000000	-50,221039	24	0,26	0,06
3444	219,000000	-50,221039	24	0,26	0,05
3447	237,000000	-50,221039	27	0,11	0,03
3453	273,000000	-50,221039	26	0,24	0,04
3454	279,000000	-50,221039	27	0,12	0,03
3455	285,000000	-50,221039	28	0,11	0,03
3458	303,000000	-50,221039	26	0,05	0,03
3462	327,000000	-50,221039	26	0,09	0,03
3463	333,000000	-50,221039	27	0,10	0,03
3464	339,000000	-50,221039	28	0,05	0,02
3465	345,000000	-50,221039	28	0,11	0,03
3466	351,000000	-50,221039	35	0,15	0,04
3468	3,214286	-52,973199	29	0,12	0,04
3469	9,642857	-52,973199	31	0,10	0,03
3471	22,500000	-52,973199	18	0,11	0,03
3473	35,357143	-52,973199	19	0,14	0,06
3474	41,785714	-52,973199	17	0,15	0,06
3475	48,214286	-52,973199	24	0,03	0,01
3476	54,642857	-52,973199	19	0,47	0,05
3477	61,071429	-52,973199	23	0,69	0,07
3479	73,928571	-52,973199	17	0,34	0,04
3480	80,357143	-52,973199	14	0,20	0,10
3481	86,785714	-52,973199	18	0,61	0,22
3482	93,214286	-52,973199	15	0,03	0,02
3484	106,071429	-52,973199	15	0,83	0,13
3491	151,071429	-52,973199	12	0,39	0,09
3492	157,500000	-52,973199	26	0,35	0,11
3493	163,928571	-52,973199	19	0,12	0,03
3494	170,357143	-52,973199	27	0,08	0,03
3495	176,785714	-52,973199	19	0,20	0,08
3496	183,214286	-52,973199	29	0,13	0,03
3497	189,642857	-52,973199	27	0,15	0,05
3498	196,071429	-52,973199	22	0,24	0,07
3499	202,500000	-52,973199	21	0,17	0,04
3500	208,928571	-52,973199	17	0,23	0,07
3506	247,500000	-52,973199	22	0,05	0,02
3512	286,071429	-52,973199	26	0,07	0,03
3513	292,500000	-52,973199	19	0,11	0,03
3514	298,928571	-52,973199	19	0,15	0,06
3515	305,357143	-52,973199	29	0,14	0,04
3516	311,785714	-52,973199	22	0,16	0,04
3518	324,642857	-52,973199	32	0,20	0,04
3520	337,500000	-52,973199	22	0,08	0,03
3521	343,928571	-52,973199	32	0,01	0,00
3522	350,357143	-52,973199	32	0,07	0,02
3523	356,785714	-52,973199	27	0,07	0,02
3524	3,461538	-55,703395	28	0,12	0,02
3526	17,307692	-55,703395	26	0,21	0,04
3527	24,230769	-55,703395	21	0,09	0,03
3529	38,076923	-55,703395	16	0,09	0,04
3532	58,846154	-55,703395	15	0,37	0,15
3533	65,769231	-55,703395	21	0,08	0,03
3535	79,615385	-55,703395	21	0,42	0,10
3537	93,461538	-55,703395	21	0,36	0,08
3538	100,384615	-55,703395	23	0,25	0,10
3541	121,153846	-55,703395	20	0,24	0,07
3543	135,000000	-55,703395	24	0,28	0,06
3544	141,923077	-55,703395	20	0,44	0,10
3546	155,769231	-55,703395	20	0,16	0,07
3549	176,538462	-55,703395	19	0,27	0,10
3551	190,384615	-55,703395	23	0,15	0,06
3552	197,307692	-55,703395	24	0,13	0,04
3553	204,230769	-55,703395	16	0,07	0,02
3554	211,153846	-55,703395	19	0,11	0,02
3555	218,076923	-55,703395	20	0,23	0,04
3556	225,000000	-55,703395	21	0,21	0,06
3557	231,923077	-55,703395	23	0,09	0,02
3559	245,769231	-55,703395	27	0,07	0,02
3562	266,538462	-55,703395	24	0,19	0,05
3563	273,461538	-55,703395	23	0,25	0,04
3564	280,384615	-55,703395	23	0,16	0,03
3565	287,307692	-55,703395	23	0,11	0,02
3567	301,153846	-55,703395	21	0,08	0,02
3568	308,076923	-55,703395	24	0,04	0,01
3571	328,846154	-55,703395	34	0,07	0,02
3572	335,769231	-55,703395	20	0,30	0,07
3573	342,692308	-55,703395	32	0,09	0,03
3577	11,250000	-58,413662	33	0,02	0,00
3578	18,750000	-58,413662	22	0,02	0,01
3579	26,250000	-58,413662	21	0,06	0,03
3581	41,250000	-58,413662	20	0,19	0,03
3582	48,750000	-58,413662	27	0,25	0,04
3583	56,250000	-58,413662	18	0,18	0,05
3584	63,750000	-58,413662	21	0,20	0,06
3585	71,250000	-58,413662	19	0,15	0,05
3586	78,750000	-58,413662	17	0,21	0,06
3587	86,250000	-58,413662	25	0,22	0,05
3588	93,750000	-58,413662	17	0,41	0,07
3590	108,750000	-58,413662	18	0,21	0,08
3591	116,250000	-58,413662	23	0,10	0,05
3595	146,250000	-58,413662	23	0,61	0,13
3597	161,250000	-58,413662	28	0,27	0,07
3598	168,750000	-58,413662	20	0,24	0,04
3599	176,250000	-58,413662	18	0,31	0,10
3602	198,750000	-58,413662	19	0,16	0,05
3603	206,250000	-58,413662	16	0,05	0,01
3605	221,250000	-58,413662	21	0,05	0,01
3607	236,250000	-58,413662	27	0,15	0,02
3608	243,750000	-58,413662	27	0,08	0,03
3609	251,250000	-58,413662	20	0,12	0,03
3610	258,750000	-58,413662	21	0,14	0,03
3611	266,250000	-58,413662	23	0,11	0,03
3612	273,750000	-58,413662	25	0,15	0,05
3613	281,250000	-58,413662	25	0,10	0,02
3614	288,750000	-58,413662	21	0,10	0,05
3615	296,250000	-58,413662	20	0,09	0,04
3623	356,250000	-58,413662	31	0,13	0,04
3625	12,272727	-61,105914	29	0,11	0,04
3626	20,454545	-61,105914	27	0,09	0,01
3627	28,636364	-61,105914	20	0,10	0,02
3628	36,818182	-61,105914	12	0,18	0,06
3629	45,000000	-61,105914	18	0,05	0,02
3631	61,363636	-61,105914	15	0,21	0,08
3632	69,545455	-61,105914	23	0,17	0,07
3635	94,090909	-61,105914	23	0,36	0,07
3639	126,818182	-61,105914	21	0,27	0,08
3641	143,181818	-61,105914	18	0,15	0,05
3642	151,363636	-61,105914	21	0,53	0,10
3643	159,545455	-61,105914	17	0,13	0,06
3645	175,909091	-61,105914	22	0,29	0,07
3646	184,090909	-61,105914	21	0,42	0,09
3648	200,454545	-61,105914	23	0,03	0,01
3649	208,636364	-61,105914	18	0,09	0,02
3650	216,818182	-61,105914	21	0,19	0,02
3651	225,000000	-61,105914	25	0,14	0,04
3652	233,181818	-61,105914	22	0,02	0,01
3653	241,363636	-61,105914	23	0,13	0,03
3654	249,545455	-61,105914	17	0,07	0,02
3655	257,727273	-61,105914	18	0,26	0,05
3656	265,909091	-61,105914	16	0,07	0,02
3657	274,090909	-61,105914	22	0,28	0,05
3658	282,272727	-61,105914	25	0,08	0,01
3659	290,454545	-61,105914	23	0,06	0,02
3661	306,818182	-61,105914	25	0,04	0,02
3662	315,000000	-61,105914	27	0,13	0,02
3664	331,363636	-61,105914	32	0,11	0,03
3665	339,545455	-61,105914	30	0,18	0,04
3666	347,727273	-61,105914	39	0,20	0,03
3672	40,500000	-63,781964	20	0,09	0,01
3674	58,500000	-63,781964	21	0,17	0,02
3677	85,500000	-63,781964	22	0,34	0,08
3678	94,500000	-63,781964	24	0,13	0,06
3681	121,500000	-63,781964	19	0,20	0,07
3685	157,500000	-63,781964	15	0,46	0,14
3686	166,500000	-63,781964	24	0,33	0,08
3687	175,500000	-63,781964	21	0,60	0,11
3689	193,500000	-63,781964	25	0,04	0,01
3692	220,500000	-63,781964	17	0,02	0,01
3693	229,500000	-63,781964	23	0,11	0,04
3694	238,500000	-63,781964	22	0,03	0,01
3695	247,500000	-63,781964	31	0,05	0,01
3696	256,500000	-63,781964	21	0,13	0,03
3697	265,500000	-63,781964	24	0,13	0,03
3698	274,500000	-63,781964	19	0,06	0,02
3699	283,500000	-63,781964	24	0,06	0,03
3700	292,500000	-63,781964	26	0,12	0,03
3701	301,500000	-63,781964	26	0,10	0,02
3702	310,500000	-63,781964	29	0,03	0,01
3704	328,500000	-63,781964	23	0,21	0,04
3706	346,500000	-63,781964	32	0,08	0,02
3707	355,500000	-63,781964	27	0,11	0,03
3708	5,000000	-66,443536	28	0,08	0,02
3710	25,000000	-66,443536	27	0,16	0,04
3711	35,000000	-66,443536	22	0,29	0,05
3712	45,000000	-66,443536	22	0,10	0,04
3714	65,000000	-66,443536	21	0,11	0,03
3716	85,000000	-66,443536	14	0,31	0,08
3717	95,000000	-66,443536	20	0,43	0,07
3718	105,000000	-66,443536	15	0,19	0,06
3719	115,000000	-66,443536	19	0,41	0,09
3720	125,000000	-66,443536	22	0,19	0,05
3721	135,000000	-66,443536	23	0,49	0,06
3723	155,000000	-66,443536	18	0,31	0,05
3724	165,000000	-66,443536	24	0,32	0,08
3725	175,000000	-66,443536	19	0,17	0,07
3726	185,000000	-66,443536	18	0,12	0,04
3727	195,000000	-66,443536	17	0,07	0,02
3729	215,000000	-66,443536	22	0,15	0,04
3730	225,000000	-66,443536	25	0,10	0,03
3732	245,000000	-66,443536	24	0,09	0,03
3733	255,000000	-66,443536	22	0,25	0,05
3734	265,000000	-66,443536	25	0,00	0,00
3735	275,000000	-66,443536	28	0,15	0,02
3736	285,000000	-66,443536	30	0,06	0,02
3737	295,000000	-66,443536	27	0,01	0,00
3738	305,000000	-66,443536	19	0,23	0,05
3739	315,000000	-66,443536	27	0,14	0,03
3740	325,000000	-66,443536	27	0,18	0,04
3741	335,000000	-66,443536	27	0,06	0,03
3742	345,000000	-66,443536	28	0,24	0,03
3743	355,000000	-66,443536	26	0,06	0,02
3744	5,625000	-69,092277	29	0,17	0,02
3746	28,125000	-69,092277	20	0,12	0,03
3747	39,375000	-69,092277	16	0,21	0,05
3748	50,625000	-69,092277	19	0,17	0,05
3749	61,875000	-69,092277	17	0,24	0,05
3750	73,125000	-69,092277	22	0,22	0,05
3751	84,375000	-69,092277	17	0,20	0,04
3752	95,625000	-69,092277	23	0,24	0,05
3753	106,875000	-69,092277	16	0,09	0,03
3754	118,125000	-69,092277	22	0,21	0,06
3755	129,375000	-69,092277	13	0,86	0,10
3757	151,875000	-69,092277	24	0,21	0,07
3758	163,125000	-69,092277	22	0,14	0,04
3760	185,625000	-69,092277	38	0,19	0,03
3761	196,875000	-69,092277	20	0,21	0,05
3765	241,875000	-69,092277	20	0,12	0,03
3768	275,625000	-69,092277	26	0,09	0,03
3771	309,375000	-69,092277	25	0,10	0,03
3773	331,875000	-69,092277	23	0,15	0,04
3774	343,125000	-69,092277	31	0,06	0,02
3778	32,142857	-71,729767	21	0,18	0,04
3779	45,000000	-71,729767	13	0,11	0,04
3780	57,857143	-71,729767	21	0,08	0,03
3781	70,714286	-71,729767	22	0,17	0,04
3782	83,571429	-71,729767	20	0,10	0,04
3783	96,428571	-71,729767	19	0,16	0,05
3784	109,285714	-71,729767	16	0,31	0,08
3786	135,000000	-71,729767	22	0,46	0,08
3787	147,857143	-71,729767	20	0,07	0,03
3788	160,714286	-71,729767	22	0,09	0,04
3789	173,571429	-71,729767	30	0,04	0,01
3791	199,285714	-71,729767	24	0,29	0,05
3792	212,142857	-71,729767	33	0,13	0,04
3794	237,857143	-71,729767	13	0,05	0,02
3795	250,714286	-71,729767	17	0,21	0,05
3796	263,571429	-71,729767	25	0,07	0,03
3798	289,285714	-71,729767	27	0,09	0,03
3799	302,142857	-71,729767	25	0,18	0,05
3800	315,000000	-71,729767	24	0,11	0,03
3801	327,857143	-71,729767	34	0,08	0,03
3802	340,714286	-71,729767	30	0,17	0,05
3804	7,500000	-74,357529	27	0,08	0,02
3805	22,500000	-74,357529	24	0,17	0,04
3806	37,500000	-74,357529	23	0,08	0,02
3810	97,500000	-74,357529	18	0,32	0,07
3813	142,500000	-74,357529	21	0,23	0,08
3814	157,500000	-74,357529	21	0,04	0,01
3815	172,500000	-74,357529	24	0,24	0,04
3817	202,500000	-74,357529	32	0,26	0,05
3819	232,500000	-74,357529	31	0,02	0,00
3823	292,500000	-74,357529	32	0,13	0,02
3824	307,500000	-74,357529	23	0,09	0,02
3825	322,500000	-74,357529	26	0,09	0,03
3826	337,500000	-74,357529	32	0,11	0,03
3830	45,000000	-76,977038	23	0,23	0,05
3831	63,000000	-76,977038	20	0,04	0,01
3832	81,000000	-76,977038	20	0,11	0,03
3835	135,000000	-76,977038	25	0,13	0,04
3837	171,000000	-76,977038	20	0,04	0,02
3838	189,000000	-76,977038	23	0,14	0,06
3839	207,000000	-76,977038	20	0,23	0,04
3840	225,000000	-76,977038	26	0,15	0,04
3841	243,000000	-76,977038	25	0,20	0,02
3843	279,000000	-76,977038	26	0,11	0,03
3846	333,000000	-76,977038	24	0,11	0,02
3847	351,000000	-76,977038	28	0,07	0,03
3848	11,250000	-79,589729	32	0,01	0,00
3850	56,250000	-79,589729	25	0,16	0,03
3852	101,250000	-79,589729	21	0,27	0,04
3853	123,750000	-79,589729	24	0,14	0,05
3855	168,750000	-79,589729	25	0,17	0,03
3858	236,250000	-79,589729	26	0,19	0,03
3859	258,750000	-79,589729	20	0,05	0,02
3860	281,250000	-79,589729	22	0,06	0,03
3862	326,250000	-79,589729	22	0,04	0,01
3863	348,750000	-79,589729	26	0,15	0,05
3865	45,000000	-82,197003	28	0,26	0,06
3867	105,000000	-82,197003	19	0,12	0,04
3868	135,000000	-82,197003	21	0,18	0,05
3872	255,000000	-82,197003	27	0,07	0,01
3873	285,000000	-82,197003	19	0,24	0,05
3874	315,000000	-82,197003	21	0,07	0,02
3875	345,000000	-82,197003	27	0,23	0,04
3876	22,500000	-84,800237	28	0,18	0,04
3877	67,500000	-84,800237	32	0,11	0,03
3878	112,500000	-84,800237	23	0,15	0,03
3879	157,500000	-84,800237	25	0,06	0,02
3880	202,500000	-84,800237	25	0,10	0,02
3881	247,500000	-84,800237	22	0,10	0,02
3883	337,500000	-84,800237	23	0,11	0,04
3884	45,000000	-87,400788	30	0,18	0,03
3886	225,000000	-87,400788	18	0,19	0,05